epidemiological_week,date,order_for_place,state,city,city_ibge_code,place_type,last_available_confirmed,last_available_confirmed_per_100k_inhabitants,new_confirmed,last_available_deaths,new_deaths,last_available_death_rate,estimated_population_2019,is_last,is_repeated
21,2020-05-18,40,PE,Abreu e Lima,2600054,city,201,201.0201,0,15,0,0.0746,99990,True,False
21,2020-05-18,20,PE,Afogados da Ingazeira,2600104,city,5,13.41958,0,0,0,0.0,37259,True,False
21,2020-05-18,20,PE,Afrânio,2600203,city,1,5.09295,0,0,0,0.0,19635,True,False
21,2020-05-18,25,PE,Agrestina,2600302,city,5,20.09243,0,3,0,0.6,24885,True,False
21,2020-05-18,23,PE,Água Preta,2600401,city,57,155.01346,0,8,0,0.1404,36771,True,False
21,2020-05-18,17,PE,Águas Belas,2600500,city,46,105.88587,0,1,0,0.0217,43443,True,False
21,2020-05-18,30,PE,Alagoinha,2600609,city,3,20.4974,0,0,0,0.0,14636,True,False
21,2020-05-18,48,PE,Aliança,2600708,city,32,83.36373,0,10,0,0.3125,38386,True,False
21,2020-05-18,30,PE,Altinho,2600807,city,6,26.11875,0,0,0,0.0,22972,True,False
21,2020-05-18,33,PE,Amaraji,2600906,city,20,87.60787,0,5,0,0.25,22829,True,False
21,2020-05-18,36,PE,Araçoiaba,2601052,city,14,68.21282,0,2,0,0.1429,20524,True,False
21,2020-05-18,16,PE,Araripina,2601102,city,17,20.13789,0,1,0,0.0588,84418,True,False
21,2020-05-18,41,PE,Arcoverde,2601201,city,45,60.53432,0,7,0,0.1556,74338,True,False
21,2020-05-18,8,PE,Barra de Guabiraba,2601300,city,4,27.80674,0,1,0,0.25,14385,True,False
21,2020-05-18,18,PE,Barreiros,2601409,city,34,79.70182,0,3,0,0.0882,42659,True,False
21,2020-05-18,12,PE,Belém de Maria,2601508,city,0,,0,0,0,0.0,12073,True,False
21,2020-05-18,4,PE,Belém do São Francisco,2601607,city,2,9.64832,0,0,0,0.0,20729,True,False
21,2020-05-18,63,PE,Belo Jardim,2601706,city,18,23.54819,0,1,0,0.0556,76439,True,False
21,2020-05-18,24,PE,Betânia,2601805,city,4,31.44901,0,1,0,0.25,12719,True,False
21,2020-05-18,36,PE,Bezerros,2601904,city,26,42.76456,0,1,0,0.0385,60798,True,False
21,2020-05-18,8,PE,Bodocó,2602001,city,3,7.86452,0,0,0,0.0,38146,True,False
21,2020-05-18,39,PE,Bom Conselho,2602100,city,25,51.48906,0,1,0,0.04,48554,True,False
21,2020-05-18,42,PE,Bom Jardim,2602209,city,22,56.14537,0,7,0,0.3182,39184,True,False
21,2020-05-18,31,PE,Bonito,2602308,city,12,31.46798,0,4,0,0.3333,38134,True,False
21,2020-05-18,17,PE,Brejo da Madre de Deus,2602605,city,16,31.53206,0,0,0,0.0,50742,True,False
21,2020-05-18,16,PE,Buenos Aires,2602704,city,6,45.61003,0,1,0,0.1667,13155,True,False
21,2020-05-18,16,PE,Buíque,2602803,city,5,8.56487,0,0,0,0.0,58378,True,False
21,2020-05-18,46,PE,Cabo de Santo Agostinho,2602902,city,355,171.45783,0,54,0,0.1521,207048,True,False
21,2020-05-18,24,PE,Cabrobó,2603009,city,2,5.84436,0,1,0,0.5,34221,True,False
21,2020-05-18,43,PE,Cachoeirinha,2603108,city,18,88.32188,0,0,0,0.0,20380,True,False
21,2020-05-18,30,PE,Caetés,2603207,city,9,31.31633,0,2,0,0.2222,28739,True,False
21,2020-05-18,3,PE,Calçado,2603306,city,1,9.04732,0,0,0,0.0,11053,True,False
21,2020-05-18,53,PE,Camaragibe,2603454,city,593,375.72547,0,38,0,0.0641,157828,True,False
21,2020-05-18,26,PE,Camocim de São Félix,2603504,city,9,47.96163,0,0,0,0.0,18765,True,False
21,2020-05-18,10,PE,Camutanga,2603603,city,7,81.86177,0,1,0,0.1429,8551,True,False
21,2020-05-18,8,PE,Canhotinho,2603702,city,2,8.06322,0,0,0,0.0,24804,True,False
21,2020-05-18,40,PE,Capoeiras,2603801,city,3,14.96409,0,1,0,0.3333,20048,True,False
21,2020-05-18,35,PE,Carnaíba,2603900,city,5,25.57414,0,4,0,0.8,19551,True,False
21,2020-05-18,23,PE,Carnaubeira da Penha,2603926,city,2,15.46551,0,1,0,0.5,12932,True,False
21,2020-05-18,40,PE,Carpina,2604007,city,49,58.58371,0,9,0,0.1837,83641,True,False
21,2020-05-18,57,PE,Caruaru,2604106,city,139,38.49157,0,12,0,0.0863,361118,True,False
21,2020-05-18,5,PE,Casinhas,2604155,city,1,6.97301,0,0,0,0.0,14341,True,False
21,2020-05-18,42,PE,Catende,2604205,city,17,39.63443,0,6,0,0.3529,42892,True,False
21,2020-05-18,23,PE,Cedro,2604304,city,1,8.46955,0,0,0,0.0,11807,True,False
21,2020-05-18,35,PE,Chã de Alegria,2604403,city,38,281.10667,0,2,0,0.0526,13518,True,False
21,2020-05-18,37,PE,Chã Grande,2604502,city,48,221.21855,0,4,0,0.0833,21698,True,False
21,2020-05-18,26,PE,Condado,2604601,city,33,124.90065,0,4,0,0.1212,26421,True,False
21,2020-05-18,25,PE,Correntes,2604700,city,3,16.47718,0,1,0,0.3333,18207,True,False
21,2020-05-18,19,PE,Cortês,2604809,city,14,111.30545,0,3,0,0.2143,12578,True,False
21,2020-05-18,19,PE,Cumaru,2604908,city,12,110.03118,0,0,0,0.0,10906,True,False
21,2020-05-18,33,PE,Cupira,2605004,city,14,58.07442,0,1,0,0.0714,24107,True,False
21,2020-05-18,30,PE,Custódia,2605103,city,24,64.67085,0,2,0,0.0833,37111,True,False
21,2020-05-18,33,PE,Escada,2605202,city,68,98.72958,0,8,0,0.1176,68875,True,False
21,2020-05-18,33,PE,Feira Nova,2605400,city,38,171.70485,0,5,0,0.1316,22131,True,False
21,2020-05-18,53,PE,Fernando de Noronha,2605459,city,28,914.73375,0,0,0,0.0,3061,True,False
21,2020-05-18,29,PE,Ferreiros,2605509,city,24,197.9708,0,4,0,0.1667,12123,True,False
21,2020-05-18,21,PE,Flores,2605608,city,0,,0,0,0,0.0,22624,True,False
21,2020-05-18,15,PE,Floresta,2605707,city,6,18.25206,0,2,0,0.3333,32873,True,False
21,2020-05-18,40,PE,Frei Miguelinho,2605806,city,35,226.43463,0,3,0,0.0857,15457,True,False
21,2020-05-18,38,PE,Gameleira,2605905,city,9,28.98364,0,3,0,0.3333,31052,True,False
21,2020-05-18,40,PE,Garanhuns,2606002,city,76,54.36804,0,4,0,0.0526,139788,True,False
21,2020-05-18,37,PE,Glória do Goitá,2606101,city,42,137.23696,0,10,0,0.2381,30604,True,False
21,2020-05-18,53,PE,Goiana,2606200,city,157,196.84546,0,11,0,0.0701,79758,True,False
21,2020-05-18,23,PE,Granito,2606309,city,1,13.35827,0,0,0,0.0,7486,True,False
21,2020-05-18,36,PE,Gravatá,2606408,city,42,49.95599,0,4,0,0.0952,84074,True,False
21,2020-05-18,25,PE,Ibimirim,2606606,city,16,54.72892,0,4,0,0.25,29235,True,False
21,2020-05-18,19,PE,Ibirajuba,2606705,city,1,12.88328,0,0,0,0.0,7762,True,False
21,2020-05-18,42,PE,Igarassu,2606804,city,188,160.65767,0,27,0,0.1436,117019,True,False
21,2020-05-18,23,PE,Iguaracy,2606903,city,5,40.88976,0,0,0,0.0,12228,True,False
21,2020-05-18,35,PE,Ilha de Itamaracá,2607604,city,30,114.25089,0,1,0,0.0333,26258,True,False
21,2020-05-18,66,PE,Importados/Indefinidos,,city,31,,0,3,0,0.0968,,True,False
21,2020-05-18,28,PE,Inajá,2607000,city,1,4.30163,0,0,0,0.0,23247,True,False
21,2020-05-18,39,PE,Ipojuca,2607208,city,124,128.89277,0,12,0,0.0968,96204,True,False
21,2020-05-18,49,PE,Ipubi,2607307,city,11,35.65178,0,1,0,0.0909,30854,True,False
21,2020-05-18,10,PE,Itaíba,2607505,city,4,15.18084,0,0,0,0.0,26349,True,False
21,2020-05-18,28,PE,Itambé,2607653,city,22,60.36162,0,1,0,0.0455,36447,True,False
21,2020-05-18,29,PE,Itapetim,2607703,city,7,51.41011,0,1,0,0.1429,13616,True,False
21,2020-05-18,37,PE,Itapissuma,2607752,city,57,213.87565,0,7,0,0.1228,26651,True,False
21,2020-05-18,24,PE,Itaquitinga,2607802,city,18,106.16337,0,4,0,0.2222,16955,True,False
21,2020-05-18,63,PE,Jaboatão dos Guararapes,2607901,city,1874,266.83829,0,170,0,0.0907,702298,True,False
21,2020-05-18,22,PE,Jaqueira,2607950,city,16,137.26836,0,2,0,0.125,11656,True,False
21,2020-05-18,28,PE,Jataúba,2608008,city,20,116.61808,0,1,0,0.05,17150,True,False
21,2020-05-18,30,PE,Jatobá,2608057,city,2,13.51717,0,0,0,0.0,14796,True,False
21,2020-05-18,40,PE,João Alfredo,2608107,city,24,70.95973,0,5,0,0.2083,33822,True,False
21,2020-05-18,17,PE,Joaquim Nabuco,2608206,city,3,18.72309,0,1,0,0.3333,16023,True,False
21,2020-05-18,27,PE,Jucati,2608255,city,3,26.2605,0,0,0,0.0,11424,True,False
21,2020-05-18,30,PE,Jupi,2608305,city,2,13.48072,0,1,0,0.5,14836,True,False
21,2020-05-18,25,PE,Jurema,2608404,city,7,45.51957,0,0,0,0.0,15378,True,False
21,2020-05-18,32,PE,Lagoa de Itaenga,2608503,city,18,83.99832,0,3,0,0.1667,21429,True,False
21,2020-05-18,43,PE,Lagoa do Carro,2608453,city,26,143.87693,0,3,0,0.1154,18071,True,False
21,2020-05-18,23,PE,Lagoa do Ouro,2608602,city,1,7.60746,0,0,0,0.0,13145,True,False
21,2020-05-18,36,PE,Lagoa dos Gatos,2608701,city,6,36.83241,0,2,0,0.3333,16290,True,False
21,2020-05-18,4,PE,Lagoa Grande,2608750,city,1,3.9061,0,1,0,1.0,25601,True,False
21,2020-05-18,23,PE,Lajedo,2608800,city,8,19.85703,0,1,0,0.125,40288,True,False
21,2020-05-18,40,PE,Limoeiro,2608909,city,47,83.55556,0,10,0,0.2128,56250,True,False
21,2020-05-18,42,PE,Macaparana,2609006,city,10,39.40731,0,2,0,0.2,25376,True,False
21,2020-05-18,37,PE,Machados,2609105,city,9,55.94232,0,1,0,0.1111,16088,True,False
21,2020-05-18,12,PE,Maraial,2609204,city,1,8.81446,0,1,0,1.0,11345,True,False
21,2020-05-18,42,PE,Moreno,2609402,city,98,156.09072,0,12,0,0.1224,62784,True,False
21,2020-05-18,27,PE,Nazaré da Mata,2609501,city,29,89.31046,0,4,0,0.1379,32471,True,False
21,2020-05-18,58,PE,Olinda,2609600,city,1646,419.38229,0,105,0,0.0638,392482,True,False
21,2020-05-18,23,PE,Orobó,2609709,city,2,8.37381,0,0,0,0.0,23884,True,False
21,2020-05-18,27,PE,Orocó,2609808,city,3,20.01201,0,1,0,0.3333,14991,True,False
21,2020-05-18,23,PE,Ouricuri,2609907,city,10,14.39698,0,1,0,0.1,69459,True,False
21,2020-05-18,50,PE,Palmares,2610004,city,56,88.53755,0,9,0,0.1607,63250,True,False
21,2020-05-18,2,PE,Palmeirina,2610103,city,1,12.99883,0,0,0,0.0,7693,True,False
21,2020-05-18,27,PE,Panelas,2610202,city,6,22.66375,0,1,0,0.1667,26474,True,False
21,2020-05-18,6,PE,Paranatama,2610301,city,1,8.6783,0,0,0,0.0,11523,True,False
21,2020-05-18,41,PE,Passira,2610509,city,36,124.4254,0,2,0,0.0556,28933,True,False
21,2020-05-18,43,PE,Paudalho,2610608,city,103,182.28153,0,15,0,0.1456,56506,True,False
21,2020-05-18,46,PE,Paulista,2610707,city,1177,354.75957,0,73,0,0.062,331774,True,False
21,2020-05-18,30,PE,Pedra,2610806,city,18,79.58615,0,2,0,0.1111,22617,True,False
21,2020-05-18,32,PE,Pesqueira,2610905,city,12,17.80548,0,0,0,0.0,67395,True,False
21,2020-05-18,21,PE,Petrolândia,2611002,city,4,10.94451,0,0,0,0.0,36548,True,False
21,2020-05-18,57,PE,Petrolina,2611101,city,86,24.6316,0,4,0,0.0465,349145,True,False
21,2020-05-18,30,PE,Poção,2611200,city,4,35.39197,0,0,0,0.0,11302,True,False
21,2020-05-18,40,PE,Pombos,2611309,city,102,376.5088,0,8,0,0.0784,27091,True,False
21,2020-05-18,22,PE,Primavera,2611408,city,16,106.90899,0,0,0,0.0,14966,True,False
21,2020-05-18,38,PE,Quipapá,2611507,city,3,11.52206,0,0,0,0.0,26037,True,False
21,2020-05-18,27,PE,Quixaba,2611533,city,4,58.71129,0,2,0,0.5,6813,True,False
21,2020-05-18,68,PE,Recife,2611606,city,9772,593.78013,0,596,0,0.061,1645727,True,False
21,2020-05-18,34,PE,Ribeirão,2611804,city,28,59.05304,0,6,0,0.2143,47415,True,False
21,2020-05-18,32,PE,Rio Formoso,2611903,city,13,55.23688,0,3,0,0.2308,23535,True,False
21,2020-05-18,19,PE,Sairé,2612000,city,1,10.06847,0,1,0,1.0,9932,True,False
21,2020-05-18,3,PE,Salgadinho,2612109,city,1,9.15835,0,0,0,0.0,10919,True,False
21,2020-05-18,42,PE,Salgueiro,2612208,city,44,72.21402,0,4,0,0.0909,60930,True,False
21,2020-05-18,8,PE,Saloá,2612307,city,1,6.31194,0,1,0,1.0,15843,True,False
21,2020-05-18,32,PE,Sanharó,2612406,city,3,11.33701,0,0,0,0.0,26462,True,False
21,2020-05-18,12,PE,Santa Cruz,2612455,city,1,6.49435,0,0,0,0.0,15398,True,False
21,2020-05-18,38,PE,Santa Cruz do Capibaribe,2612505,city,15,13.897,0,0,0,0.0,107937,True,False
21,2020-05-18,19,PE,Santa Maria da Boa Vista,2612604,city,2,4.76974,0,0,0,0.0,41931,True,False
21,2020-05-18,21,PE,Santa Maria do Cambucá,2612703,city,3,21.22091,0,0,0,0.0,14137,True,False
21,2020-05-18,9,PE,São Benedito do Sul,2612901,city,1,6.29129,0,0,0,0.0,15895,True,False
21,2020-05-18,38,PE,São Bento do Una,2613008,city,23,38.65286,0,2,0,0.087,59504,True,False
21,2020-05-18,39,PE,São Caitano,2613107,city,27,72.49295,0,0,0,0.0,37245,True,False
21,2020-05-18,19,PE,São João,2613206,city,2,8.77462,0,0,0,0.0,22793,True,False
21,2020-05-18,23,PE,São Joaquim do Monte,2613305,city,9,42.14272,0,1,0,0.1111,21356,True,False
21,2020-05-18,37,PE,São José da Coroa Grande,2613404,city,27,126.77247,0,2,0,0.0741,21298,True,False
21,2020-05-18,21,PE,São José do Belmonte,2613503,city,3,8.83418,0,0,0,0.0,33959,True,False
21,2020-05-18,32,PE,São José do Egito,2613602,city,7,20.61795,0,0,0,0.0,33951,True,False
21,2020-05-18,52,PE,São Lourenço da Mata,2613701,city,320,282.61062,0,39,0,0.1219,113230,True,False
21,2020-05-18,32,PE,São Vicente Ferrer,2613800,city,7,38.85004,0,0,0,0.0,18018,True,False
21,2020-05-18,39,PE,Serra Talhada,2613909,city,29,33.58425,0,2,0,0.069,86350,True,False
21,2020-05-18,7,PE,Serrita,2614006,city,1,5.21785,0,1,0,1.0,19165,True,False
21,2020-05-18,38,PE,Sertânia,2614105,city,12,33.41967,0,2,0,0.1667,35907,True,False
21,2020-05-18,30,PE,Sirinhaém,2614204,city,43,93.75341,0,3,0,0.0698,45865,True,False
21,2020-05-18,33,PE,Surubim,2614501,city,18,27.65444,0,4,0,0.2222,65089,True,False
21,2020-05-18,28,PE,Tabira,2614600,city,7,24.53214,0,2,0,0.2857,28534,True,False
21,2020-05-18,26,PE,Tamandaré,2614857,city,18,76.96254,0,1,0,0.0556,23388,True,False
21,2020-05-18,20,PE,Taquaritinga do Norte,2615003,city,3,10.42572,0,3,0,1.0,28775,True,False
21,2020-05-18,7,PE,Terezinha,2615102,city,3,41.84684,0,0,0,0.0,7169,True,False
21,2020-05-18,23,PE,Terra Nova,2615201,city,1,9.90491,0,1,0,1.0,10096,True,False
21,2020-05-18,42,PE,Timbaúba,2615300,city,40,75.44038,0,14,0,0.35,53022,True,False
21,2020-05-18,38,PE,Toritama,2615409,city,2,4.42292,0,0,0,0.0,45219,True,False
21,2020-05-18,38,PE,Tracunhaém,2615508,city,6,43.57615,0,1,0,0.1667,13769,True,False
21,2020-05-18,25,PE,Trindade,2615607,city,18,58.97579,0,4,0,0.2222,30521,True,False
21,2020-05-18,34,PE,Triunfo,2615706,city,9,59.00092,0,3,0,0.3333,15254,True,False
21,2020-05-18,30,PE,Tupanatinga,2615805,city,6,21.9748,0,1,0,0.1667,27304,True,False
21,2020-05-18,29,PE,Tuparetama,2615904,city,1,12.19215,0,0,0,0.0,8202,True,False
21,2020-05-18,23,PE,Venturosa,2616001,city,4,21.64268,0,1,0,0.25,18482,True,False
21,2020-05-18,7,PE,Vertente do Lério,2616183,city,2,26.25361,0,0,0,0.0,7618,True,False
21,2020-05-18,32,PE,Vertentes,2616209,city,10,48.23694,0,0,0,0.0,20731,True,False
21,2020-05-18,29,PE,Vicência,2616308,city,19,58.20543,0,1,0,0.0526,32643,True,False
21,2020-05-18,42,PE,Vitória de Santo Antão,2616407,city,318,229.17763,0,38,0,0.1195,138757,True,False
21,2020-05-18,26,PE,Xexéu,2616506,city,8,54.32937,0,3,0,0.375,14725,True,False
21,2020-05-17,39,PE,Abreu e Lima,2600054,city,201,201.0201,9,15,0,0.0746,99990,False,False
21,2020-05-17,19,PE,Afogados da Ingazeira,2600104,city,5,13.41958,0,0,0,0.0,37259,False,False
21,2020-05-17,19,PE,Afrânio,2600203,city,1,5.09295,0,0,0,0.0,19635,False,False
21,2020-05-17,24,PE,Agrestina,2600302,city,5,20.09243,0,3,0,0.6,24885,False,False
21,2020-05-17,22,PE,Água Preta,2600401,city,57,155.01346,6,8,0,0.1404,36771,False,False
21,2020-05-17,16,PE,Águas Belas,2600500,city,46,105.88587,2,1,0,0.0217,43443,False,False
21,2020-05-17,29,PE,Alagoinha,2600609,city,3,20.4974,0,0,0,0.0,14636,False,False
21,2020-05-17,47,PE,Aliança,2600708,city,32,83.36373,1,10,0,0.3125,38386,False,False
21,2020-05-17,29,PE,Altinho,2600807,city,6,26.11875,0,0,0,0.0,22972,False,False
21,2020-05-17,32,PE,Amaraji,2600906,city,20,87.60787,2,5,0,0.25,22829,False,False
21,2020-05-17,35,PE,Araçoiaba,2601052,city,14,68.21282,1,2,0,0.1429,20524,False,False
21,2020-05-17,15,PE,Araripina,2601102,city,17,20.13789,0,1,0,0.0588,84418,False,False
21,2020-05-17,40,PE,Arcoverde,2601201,city,45,60.53432,2,7,0,0.1556,74338,False,False
21,2020-05-17,7,PE,Barra de Guabiraba,2601300,city,4,27.80674,0,1,0,0.25,14385,False,False
21,2020-05-17,17,PE,Barreiros,2601409,city,34,79.70182,3,3,0,0.0882,42659,False,False
21,2020-05-17,11,PE,Belém de Maria,2601508,city,0,,0,0,0,0.0,12073,False,False
21,2020-05-17,3,PE,Belém do São Francisco,2601607,city,2,9.64832,1,0,0,0.0,20729,False,False
21,2020-05-17,62,PE,Belo Jardim,2601706,city,18,23.54819,1,1,0,0.0556,76439,False,False
21,2020-05-17,23,PE,Betânia,2601805,city,4,31.44901,0,1,0,0.25,12719,False,False
21,2020-05-17,35,PE,Bezerros,2601904,city,26,42.76456,5,1,0,0.0385,60798,False,False
21,2020-05-17,7,PE,Bodocó,2602001,city,3,7.86452,2,0,0,0.0,38146,False,False
21,2020-05-17,38,PE,Bom Conselho,2602100,city,25,51.48906,3,1,0,0.04,48554,False,False
21,2020-05-17,41,PE,Bom Jardim,2602209,city,22,56.14537,0,7,0,0.3182,39184,False,False
21,2020-05-17,30,PE,Bonito,2602308,city,12,31.46798,1,4,1,0.3333,38134,False,False
21,2020-05-17,16,PE,Brejo da Madre de Deus,2602605,city,16,31.53206,2,0,0,0.0,50742,False,False
21,2020-05-17,15,PE,Buenos Aires,2602704,city,6,45.61003,0,1,0,0.1667,13155,False,False
21,2020-05-17,15,PE,Buíque,2602803,city,5,8.56487,1,0,0,0.0,58378,False,False
21,2020-05-17,45,PE,Cabo de Santo Agostinho,2602902,city,355,171.45783,23,54,3,0.1521,207048,False,False
21,2020-05-17,23,PE,Cabrobó,2603009,city,2,5.84436,0,1,0,0.5,34221,False,False
21,2020-05-17,42,PE,Cachoeirinha,2603108,city,18,88.32188,1,0,0,0.0,20380,False,False
21,2020-05-17,29,PE,Caetés,2603207,city,9,31.31633,0,2,2,0.2222,28739,False,False
21,2020-05-17,2,PE,Calçado,2603306,city,1,9.04732,0,0,0,0.0,11053,False,False
21,2020-05-17,52,PE,Camaragibe,2603454,city,593,375.72547,24,38,1,0.0641,157828,False,False
21,2020-05-17,25,PE,Camocim de São Félix,2603504,city,9,47.96163,0,0,0,0.0,18765,False,False
21,2020-05-17,9,PE,Camutanga,2603603,city,7,81.86177,0,1,0,0.1429,8551,False,False
21,2020-05-17,7,PE,Canhotinho,2603702,city,2,8.06322,0,0,0,0.0,24804,False,False
21,2020-05-17,39,PE,Capoeiras,2603801,city,3,14.96409,0,1,0,0.3333,20048,False,False
21,2020-05-17,34,PE,Carnaíba,2603900,city,5,25.57414,0,4,0,0.8,19551,False,False
21,2020-05-17,22,PE,Carnaubeira da Penha,2603926,city,2,15.46551,0,1,0,0.5,12932,False,False
21,2020-05-17,39,PE,Carpina,2604007,city,49,58.58371,4,9,0,0.1837,83641,False,False
21,2020-05-17,56,PE,Caruaru,2604106,city,139,38.49157,11,12,0,0.0863,361118,False,False
21,2020-05-17,4,PE,Casinhas,2604155,city,1,6.97301,0,0,0,0.0,14341,False,False
21,2020-05-17,41,PE,Catende,2604205,city,17,39.63443,1,6,0,0.3529,42892,False,False
21,2020-05-17,22,PE,Cedro,2604304,city,1,8.46955,0,0,0,0.0,11807,False,False
21,2020-05-17,34,PE,Chã de Alegria,2604403,city,38,281.10667,12,2,0,0.0526,13518,False,False
21,2020-05-17,36,PE,Chã Grande,2604502,city,48,221.21855,4,4,1,0.0833,21698,False,False
21,2020-05-17,25,PE,Condado,2604601,city,33,124.90065,4,4,1,0.1212,26421,False,False
21,2020-05-17,24,PE,Correntes,2604700,city,3,16.47718,0,1,0,0.3333,18207,False,False
21,2020-05-17,18,PE,Cortês,2604809,city,14,111.30545,0,3,2,0.2143,12578,False,False
21,2020-05-17,18,PE,Cumaru,2604908,city,12,110.03118,0,0,0,0.0,10906,False,False
21,2020-05-17,32,PE,Cupira,2605004,city,14,58.07442,4,1,0,0.0714,24107,False,False
21,2020-05-17,29,PE,Custódia,2605103,city,24,64.67085,1,2,0,0.0833,37111,False,False
21,2020-05-17,32,PE,Escada,2605202,city,68,98.72958,8,8,1,0.1176,68875,False,False
21,2020-05-17,32,PE,Feira Nova,2605400,city,38,171.70485,3,5,0,0.1316,22131,False,False
21,2020-05-17,52,PE,Fernando de Noronha,2605459,city,28,914.73375,0,0,0,0.0,3061,False,False
21,2020-05-17,28,PE,Ferreiros,2605509,city,24,197.9708,6,4,0,0.1667,12123,False,False
21,2020-05-17,20,PE,Flores,2605608,city,0,,0,0,0,0.0,22624,False,False
21,2020-05-17,14,PE,Floresta,2605707,city,6,18.25206,2,2,0,0.3333,32873,False,False
21,2020-05-17,39,PE,Frei Miguelinho,2605806,city,35,226.43463,0,3,0,0.0857,15457,False,False
21,2020-05-17,37,PE,Gameleira,2605905,city,9,28.98364,0,3,0,0.3333,31052,False,False
21,2020-05-17,39,PE,Garanhuns,2606002,city,76,54.36804,11,4,0,0.0526,139788,False,False
21,2020-05-17,36,PE,Glória do Goitá,2606101,city,42,137.23696,1,10,0,0.2381,30604,False,False
21,2020-05-17,52,PE,Goiana,2606200,city,157,196.84546,29,11,0,0.0701,79758,False,False
21,2020-05-17,22,PE,Granito,2606309,city,1,13.35827,0,0,0,0.0,7486,False,False
21,2020-05-17,35,PE,Gravatá,2606408,city,42,49.95599,3,4,0,0.0952,84074,False,False
21,2020-05-17,24,PE,Ibimirim,2606606,city,16,54.72892,0,4,0,0.25,29235,False,False
21,2020-05-17,18,PE,Ibirajuba,2606705,city,1,12.88328,0,0,0,0.0,7762,False,False
21,2020-05-17,41,PE,Igarassu,2606804,city,188,160.65767,9,27,0,0.1436,117019,False,False
21,2020-05-17,22,PE,Iguaracy,2606903,city,5,40.88976,0,0,0,0.0,12228,False,False
21,2020-05-17,34,PE,Ilha de Itamaracá,2607604,city,30,114.25089,2,1,1,0.0333,26258,False,False
21,2020-05-17,65,PE,Importados/Indefinidos,,city,31,,4,3,0,0.0968,,False,False
21,2020-05-17,27,PE,Inajá,2607000,city,1,4.30163,0,0,0,0.0,23247,False,False
21,2020-05-17,38,PE,Ipojuca,2607208,city,124,128.89277,7,12,1,0.0968,96204,False,False
21,2020-05-17,48,PE,Ipubi,2607307,city,11,35.65178,0,1,0,0.0909,30854,False,False
21,2020-05-17,9,PE,Itaíba,2607505,city,4,15.18084,0,0,0,0.0,26349,False,False
21,2020-05-17,27,PE,Itambé,2607653,city,22,60.36162,0,1,0,0.0455,36447,False,False
21,2020-05-17,28,PE,Itapetim,2607703,city,7,51.41011,3,1,0,0.1429,13616,False,False
21,2020-05-17,36,PE,Itapissuma,2607752,city,57,213.87565,1,7,0,0.1228,26651,False,False
21,2020-05-17,23,PE,Itaquitinga,2607802,city,18,106.16337,2,4,0,0.2222,16955,False,False
21,2020-05-17,62,PE,Jaboatão dos Guararapes,2607901,city,1874,266.83829,122,170,5,0.0907,702298,False,False
21,2020-05-17,21,PE,Jaqueira,2607950,city,16,137.26836,0,2,0,0.125,11656,False,False
21,2020-05-17,27,PE,Jataúba,2608008,city,20,116.61808,0,1,0,0.05,17150,False,False
21,2020-05-17,29,PE,Jatobá,2608057,city,2,13.51717,0,0,0,0.0,14796,False,False
21,2020-05-17,39,PE,João Alfredo,2608107,city,24,70.95973,4,5,0,0.2083,33822,False,False
21,2020-05-17,16,PE,Joaquim Nabuco,2608206,city,3,18.72309,0,1,0,0.3333,16023,False,False
21,2020-05-17,26,PE,Jucati,2608255,city,3,26.2605,0,0,0,0.0,11424,False,False
21,2020-05-17,29,PE,Jupi,2608305,city,2,13.48072,0,1,0,0.5,14836,False,False
21,2020-05-17,24,PE,Jurema,2608404,city,7,45.51957,0,0,0,0.0,15378,False,False
21,2020-05-17,31,PE,Lagoa de Itaenga,2608503,city,18,83.99832,0,3,0,0.1667,21429,False,False
21,2020-05-17,42,PE,Lagoa do Carro,2608453,city,26,143.87693,1,3,0,0.1154,18071,False,False
21,2020-05-17,22,PE,Lagoa do Ouro,2608602,city,1,7.60746,0,0,0,0.0,13145,False,False
21,2020-05-17,35,PE,Lagoa dos Gatos,2608701,city,6,36.83241,3,2,0,0.3333,16290,False,False
21,2020-05-17,3,PE,Lagoa Grande,2608750,city,1,3.9061,0,1,0,1.0,25601,False,False
21,2020-05-17,22,PE,Lajedo,2608800,city,8,19.85703,0,1,0,0.125,40288,False,False
21,2020-05-17,39,PE,Limoeiro,2608909,city,47,83.55556,3,10,1,0.2128,56250,False,False
21,2020-05-17,41,PE,Macaparana,2609006,city,10,39.40731,0,2,0,0.2,25376,False,False
21,2020-05-17,36,PE,Machados,2609105,city,9,55.94232,0,1,0,0.1111,16088,False,False
21,2020-05-17,11,PE,Maraial,2609204,city,1,8.81446,0,1,0,1.0,11345,False,False
21,2020-05-17,41,PE,Moreno,2609402,city,98,156.09072,2,12,0,0.1224,62784,False,False
21,2020-05-17,26,PE,Nazaré da Mata,2609501,city,29,89.31046,2,4,0,0.1379,32471,False,False
21,2020-05-17,57,PE,Olinda,2609600,city,1646,419.38229,80,105,1,0.0638,392482,False,False
21,2020-05-17,22,PE,Orobó,2609709,city,2,8.37381,0,0,0,0.0,23884,False,False
21,2020-05-17,26,PE,Orocó,2609808,city,3,20.01201,0,1,0,0.3333,14991,False,False
21,2020-05-17,22,PE,Ouricuri,2609907,city,10,14.39698,0,1,0,0.1,69459,False,False
21,2020-05-17,49,PE,Palmares,2610004,city,56,88.53755,6,9,3,0.1607,63250,False,False
21,2020-05-17,1,PE,Palmeirina,2610103,city,1,12.99883,1,0,0,0.0,7693,False,False
21,2020-05-17,26,PE,Panelas,2610202,city,6,22.66375,0,1,0,0.1667,26474,False,False
21,2020-05-17,5,PE,Paranatama,2610301,city,1,8.6783,0,0,0,0.0,11523,False,False
21,2020-05-17,40,PE,Passira,2610509,city,36,124.4254,2,2,1,0.0556,28933,False,False
21,2020-05-17,42,PE,Paudalho,2610608,city,103,182.28153,3,15,1,0.1456,56506,False,False
21,2020-05-17,45,PE,Paulista,2610707,city,1177,354.75957,57,73,2,0.062,331774,False,False
21,2020-05-17,29,PE,Pedra,2610806,city,18,79.58615,0,2,0,0.1111,22617,False,False
21,2020-05-17,31,PE,Pesqueira,2610905,city,12,17.80548,0,0,0,0.0,67395,False,False
21,2020-05-17,20,PE,Petrolândia,2611002,city,4,10.94451,0,0,0,0.0,36548,False,False
21,2020-05-17,56,PE,Petrolina,2611101,city,86,24.6316,2,4,1,0.0465,349145,False,False
21,2020-05-17,29,PE,Poção,2611200,city,4,35.39197,1,0,0,0.0,11302,False,False
21,2020-05-17,39,PE,Pombos,2611309,city,102,376.5088,3,8,0,0.0784,27091,False,False
21,2020-05-17,21,PE,Primavera,2611408,city,16,106.90899,1,0,0,0.0,14966,False,False
21,2020-05-17,37,PE,Quipapá,2611507,city,3,11.52206,1,0,0,0.0,26037,False,False
21,2020-05-17,26,PE,Quixaba,2611533,city,4,58.71129,0,2,0,0.5,6813,False,False
21,2020-05-17,67,PE,Recife,2611606,city,9772,593.78013,359,596,23,0.061,1645727,False,False
21,2020-05-17,33,PE,Ribeirão,2611804,city,28,59.05304,4,6,0,0.2143,47415,False,False
21,2020-05-17,31,PE,Rio Formoso,2611903,city,13,55.23688,-2,3,0,0.2308,23535,False,False
21,2020-05-17,18,PE,Sairé,2612000,city,1,10.06847,0,1,0,1.0,9932,False,False
21,2020-05-17,2,PE,Salgadinho,2612109,city,1,9.15835,0,0,0,0.0,10919,False,False
21,2020-05-17,41,PE,Salgueiro,2612208,city,44,72.21402,7,4,0,0.0909,60930,False,False
21,2020-05-17,7,PE,Saloá,2612307,city,1,6.31194,0,1,0,1.0,15843,False,False
21,2020-05-17,31,PE,Sanharó,2612406,city,3,11.33701,0,0,0,0.0,26462,False,False
21,2020-05-17,11,PE,Santa Cruz,2612455,city,1,6.49435,0,0,0,0.0,15398,False,False
21,2020-05-17,37,PE,Santa Cruz do Capibaribe,2612505,city,15,13.897,2,0,0,0.0,107937,False,False
21,2020-05-17,18,PE,Santa Maria da Boa Vista,2612604,city,2,4.76974,0,0,0,0.0,41931,False,False
21,2020-05-17,20,PE,Santa Maria do Cambucá,2612703,city,3,21.22091,0,0,0,0.0,14137,False,False
21,2020-05-17,8,PE,São Benedito do Sul,2612901,city,1,6.29129,0,0,0,0.0,15895,False,False
21,2020-05-17,37,PE,São Bento do Una,2613008,city,23,38.65286,0,2,0,0.087,59504,False,False
21,2020-05-17,38,PE,São Caitano,2613107,city,27,72.49295,0,0,0,0.0,37245,False,False
21,2020-05-17,18,PE,São João,2613206,city,2,8.77462,0,0,0,0.0,22793,False,False
21,2020-05-17,22,PE,São Joaquim do Monte,2613305,city,9,42.14272,0,1,0,0.1111,21356,False,False
21,2020-05-17,36,PE,São José da Coroa Grande,2613404,city,27,126.77247,2,2,0,0.0741,21298,False,False
21,2020-05-17,20,PE,São José do Belmonte,2613503,city,3,8.83418,1,0,0,0.0,33959,False,False
21,2020-05-17,31,PE,São José do Egito,2613602,city,7,20.61795,2,0,0,0.0,33951,False,False
21,2020-05-17,51,PE,São Lourenço da Mata,2613701,city,320,282.61062,16,39,0,0.1219,113230,False,False
21,2020-05-17,31,PE,São Vicente Ferrer,2613800,city,7,38.85004,1,0,0,0.0,18018,False,False
21,2020-05-17,38,PE,Serra Talhada,2613909,city,29,33.58425,6,2,0,0.069,86350,False,False
21,2020-05-17,6,PE,Serrita,2614006,city,1,5.21785,0,1,0,1.0,19165,False,False
21,2020-05-17,37,PE,Sertânia,2614105,city,12,33.41967,0,2,0,0.1667,35907,False,False
21,2020-05-17,29,PE,Sirinhaém,2614204,city,43,93.75341,1,3,0,0.0698,45865,False,False
21,2020-05-17,32,PE,Surubim,2614501,city,18,27.65444,1,4,0,0.2222,65089,False,False
21,2020-05-17,27,PE,Tabira,2614600,city,7,24.53214,0,2,0,0.2857,28534,False,False
21,2020-05-17,25,PE,Tamandaré,2614857,city,18,76.96254,0,1,0,0.0556,23388,False,False
21,2020-05-17,19,PE,Taquaritinga do Norte,2615003,city,3,10.42572,0,3,0,1.0,28775,False,False
21,2020-05-17,6,PE,Terezinha,2615102,city,3,41.84684,0,0,0,0.0,7169,False,False
21,2020-05-17,22,PE,Terra Nova,2615201,city,1,9.90491,0,1,0,1.0,10096,False,False
21,2020-05-17,41,PE,Timbaúba,2615300,city,40,75.44038,2,14,0,0.35,53022,False,False
21,2020-05-17,37,PE,Toritama,2615409,city,2,4.42292,0,0,0,0.0,45219,False,False
21,2020-05-17,37,PE,Tracunhaém,2615508,city,6,43.57615,1,1,0,0.1667,13769,False,False
21,2020-05-17,24,PE,Trindade,2615607,city,18,58.97579,1,4,0,0.2222,30521,False,False
21,2020-05-17,33,PE,Triunfo,2615706,city,9,59.00092,1,3,1,0.3333,15254,False,False
21,2020-05-17,29,PE,Tupanatinga,2615805,city,6,21.9748,1,1,1,0.1667,27304,False,False
21,2020-05-17,28,PE,Tuparetama,2615904,city,1,12.19215,0,0,0,0.0,8202,False,False
21,2020-05-17,22,PE,Venturosa,2616001,city,4,21.64268,0,1,0,0.25,18482,False,False
21,2020-05-17,6,PE,Vertente do Lério,2616183,city,2,26.25361,0,0,0,0.0,7618,False,False
21,2020-05-17,31,PE,Vertentes,2616209,city,10,48.23694,0,0,0,0.0,20731,False,False
21,2020-05-17,28,PE,Vicência,2616308,city,19,58.20543,1,1,0,0.0526,32643,False,False
21,2020-05-17,41,PE,Vitória de Santo Antão,2616407,city,318,229.17763,39,38,0,0.1195,138757,False,False
21,2020-05-17,25,PE,Xexéu,2616506,city,8,54.32937,2,3,1,0.375,14725,False,False
20,2020-05-16,38,PE,Abreu e Lima,2600054,city,192,192.0192,24,15,0,0.0781,99990,False,False
20,2020-05-16,18,PE,Afogados da Ingazeira,2600104,city,5,13.41958,0,0,0,0.0,37259,False,False
20,2020-05-16,18,PE,Afrânio,2600203,city,1,5.09295,0,0,0,0.0,19635,False,False
20,2020-05-16,23,PE,Agrestina,2600302,city,5,20.09243,0,3,0,0.6,24885,False,False
20,2020-05-16,21,PE,Água Preta,2600401,city,51,138.69626,19,8,2,0.1569,36771,False,False
20,2020-05-16,15,PE,Águas Belas,2600500,city,44,101.28214,23,1,1,0.0227,43443,False,False
20,2020-05-16,28,PE,Alagoinha,2600609,city,3,20.4974,1,0,0,0.0,14636,False,False
20,2020-05-16,46,PE,Aliança,2600708,city,31,80.75861,5,10,0,0.3226,38386,False,False
20,2020-05-16,28,PE,Altinho,2600807,city,6,26.11875,0,0,0,0.0,22972,False,False
20,2020-05-16,31,PE,Amaraji,2600906,city,18,78.84708,1,5,1,0.2778,22829,False,False
20,2020-05-16,34,PE,Araçoiaba,2601052,city,13,63.34048,2,2,0,0.1538,20524,False,False
20,2020-05-16,14,PE,Araripina,2601102,city,17,20.13789,1,1,0,0.0588,84418,False,False
20,2020-05-16,39,PE,Arcoverde,2601201,city,43,57.8439,9,7,0,0.1628,74338,False,False
20,2020-05-16,6,PE,Barra de Guabiraba,2601300,city,4,27.80674,0,1,0,0.25,14385,False,False
20,2020-05-16,16,PE,Barreiros,2601409,city,31,72.66931,15,3,0,0.0968,42659,False,False
20,2020-05-16,10,PE,Belém de Maria,2601508,city,0,,0,0,0,0.0,12073,False,False
20,2020-05-16,2,PE,Belém do São Francisco,2601607,city,1,4.82416,0,0,0,0.0,20729,False,False
20,2020-05-16,61,PE,Belo Jardim,2601706,city,17,22.23996,1,1,0,0.0588,76439,False,False
20,2020-05-16,22,PE,Betânia,2601805,city,4,31.44901,0,1,0,0.25,12719,False,False
20,2020-05-16,34,PE,Bezerros,2601904,city,21,34.54061,2,1,0,0.0476,60798,False,False
20,2020-05-16,6,PE,Bodocó,2602001,city,1,2.62151,1,0,0,0.0,38146,False,False
20,2020-05-16,37,PE,Bom Conselho,2602100,city,22,45.31038,16,1,0,0.0455,48554,False,False
20,2020-05-16,40,PE,Bom Jardim,2602209,city,22,56.14537,4,7,0,0.3182,39184,False,False
20,2020-05-16,29,PE,Bonito,2602308,city,11,28.84565,0,3,0,0.2727,38134,False,False
20,2020-05-16,15,PE,Brejo da Madre de Deus,2602605,city,14,27.59056,11,0,0,0.0,50742,False,False
20,2020-05-16,14,PE,Buenos Aires,2602704,city,6,45.61003,3,1,0,0.1667,13155,False,False
20,2020-05-16,14,PE,Buíque,2602803,city,4,6.8519,1,0,0,0.0,58378,False,False
20,2020-05-16,44,PE,Cabo de Santo Agostinho,2602902,city,332,160.34929,36,51,1,0.1536,207048,False,False
20,2020-05-16,22,PE,Cabrobó,2603009,city,2,5.84436,0,1,1,0.5,34221,False,False
20,2020-05-16,41,PE,Cachoeirinha,2603108,city,17,83.41511,2,0,0,0.0,20380,False,False
20,2020-05-16,28,PE,Caetés,2603207,city,9,31.31633,0,0,0,0.0,28739,False,False
20,2020-05-16,1,PE,Calçado,2603306,city,1,9.04732,1,0,0,0.0,11053,False,False
20,2020-05-16,51,PE,Camaragibe,2603454,city,569,360.51905,71,37,5,0.065,157828,False,False
20,2020-05-16,24,PE,Camocim de São Félix,2603504,city,9,47.96163,0,0,0,0.0,18765,False,False
20,2020-05-16,8,PE,Camutanga,2603603,city,7,81.86177,4,1,0,0.1429,8551,False,False
20,2020-05-16,6,PE,Canhotinho,2603702,city,2,8.06322,1,0,0,0.0,24804,False,False
20,2020-05-16,38,PE,Capoeiras,2603801,city,3,14.96409,0,1,0,0.3333,20048,False,False
20,2020-05-16,33,PE,Carnaíba,2603900,city,5,25.57414,0,4,0,0.8,19551,False,False
20,2020-05-16,21,PE,Carnaubeira da Penha,2603926,city,2,15.46551,0,1,0,0.5,12932,False,False
20,2020-05-16,38,PE,Carpina,2604007,city,45,53.80137,11,9,1,0.2,83641,False,False
20,2020-05-16,55,PE,Caruaru,2604106,city,128,35.44548,20,12,0,0.0938,361118,False,False
20,2020-05-16,3,PE,Casinhas,2604155,city,1,6.97301,0,0,0,0.0,14341,False,False
20,2020-05-16,40,PE,Catende,2604205,city,16,37.30299,1,6,0,0.375,42892,False,False
20,2020-05-16,21,PE,Cedro,2604304,city,1,8.46955,0,0,0,0.0,11807,False,False
20,2020-05-16,33,PE,Chã de Alegria,2604403,city,26,192.33614,1,2,1,0.0769,13518,False,False
20,2020-05-16,35,PE,Chã Grande,2604502,city,44,202.78367,3,3,0,0.0682,21698,False,False
20,2020-05-16,24,PE,Condado,2604601,city,29,109.76117,8,3,1,0.1034,26421,False,False
20,2020-05-16,23,PE,Correntes,2604700,city,3,16.47718,1,1,0,0.3333,18207,False,False
20,2020-05-16,17,PE,Cortês,2604809,city,14,111.30545,2,1,0,0.0714,12578,False,False
20,2020-05-16,17,PE,Cumaru,2604908,city,12,110.03118,1,0,0,0.0,10906,False,False
20,2020-05-16,31,PE,Cupira,2605004,city,10,41.48173,2,1,0,0.1,24107,False,False
20,2020-05-16,28,PE,Custódia,2605103,city,23,61.97623,6,2,0,0.087,37111,False,False
20,2020-05-16,31,PE,Escada,2605202,city,60,87.11434,14,7,1,0.1167,68875,False,False
20,2020-05-16,31,PE,Feira Nova,2605400,city,35,158.1492,16,5,0,0.1429,22131,False,False
20,2020-05-16,51,PE,Fernando de Noronha,2605459,city,28,914.73375,0,0,0,0.0,3061,False,False
20,2020-05-16,27,PE,Ferreiros,2605509,city,18,148.4781,3,4,0,0.2222,12123,False,False
20,2020-05-16,19,PE,Flores,2605608,city,0,,0,0,0,0.0,22624,False,False
20,2020-05-16,13,PE,Floresta,2605707,city,4,12.16804,0,2,0,0.5,32873,False,False
20,2020-05-16,38,PE,Frei Miguelinho,2605806,city,35,226.43463,18,3,0,0.0857,15457,False,False
20,2020-05-16,36,PE,Gameleira,2605905,city,9,28.98364,0,3,0,0.3333,31052,False,False
20,2020-05-16,38,PE,Garanhuns,2606002,city,65,46.49898,16,4,0,0.0615,139788,False,False
20,2020-05-16,35,PE,Glória do Goitá,2606101,city,41,133.96942,9,10,0,0.2439,30604,False,False
20,2020-05-16,51,PE,Goiana,2606200,city,128,160.48547,31,11,0,0.0859,79758,False,False
20,2020-05-16,21,PE,Granito,2606309,city,1,13.35827,0,0,0,0.0,7486,False,False
20,2020-05-16,34,PE,Gravatá,2606408,city,39,46.38771,2,4,0,0.1026,84074,False,False
20,2020-05-16,23,PE,Ibimirim,2606606,city,16,54.72892,5,4,0,0.25,29235,False,False
20,2020-05-16,17,PE,Ibirajuba,2606705,city,1,12.88328,0,0,0,0.0,7762,False,False
20,2020-05-16,40,PE,Igarassu,2606804,city,179,152.96661,18,27,2,0.1508,117019,False,False
20,2020-05-16,21,PE,Iguaracy,2606903,city,5,40.88976,2,0,0,0.0,12228,False,False
20,2020-05-16,33,PE,Ilha de Itamaracá,2607604,city,28,106.63417,0,0,0,0.0,26258,False,False
20,2020-05-16,64,PE,Importados/Indefinidos,,city,27,,1,3,0,0.1111,,False,False
20,2020-05-16,26,PE,Inajá,2607000,city,1,4.30163,0,0,0,0.0,23247,False,False
20,2020-05-16,37,PE,Ipojuca,2607208,city,117,121.61656,14,11,0,0.094,96204,False,False
20,2020-05-16,47,PE,Ipubi,2607307,city,11,35.65178,1,1,0,0.0909,30854,False,False
20,2020-05-16,8,PE,Itaíba,2607505,city,4,15.18084,3,0,0,0.0,26349,False,False
20,2020-05-16,26,PE,Itambé,2607653,city,22,60.36162,11,1,0,0.0455,36447,False,False
20,2020-05-16,27,PE,Itapetim,2607703,city,4,29.3772,1,1,0,0.25,13616,False,False
20,2020-05-16,35,PE,Itapissuma,2607752,city,56,210.12345,25,7,1,0.125,26651,False,False
20,2020-05-16,22,PE,Itaquitinga,2607802,city,16,94.36744,5,4,0,0.25,16955,False,False
20,2020-05-16,61,PE,Jaboatão dos Guararapes,2607901,city,1752,249.46675,209,165,8,0.0942,702298,False,False
20,2020-05-16,20,PE,Jaqueira,2607950,city,16,137.26836,5,2,0,0.125,11656,False,False
20,2020-05-16,26,PE,Jataúba,2608008,city,20,116.61808,8,1,0,0.05,17150,False,False
20,2020-05-16,28,PE,Jatobá,2608057,city,2,13.51717,0,0,0,0.0,14796,False,False
20,2020-05-16,38,PE,João Alfredo,2608107,city,20,59.13311,0,5,0,0.25,33822,False,False
20,2020-05-16,15,PE,Joaquim Nabuco,2608206,city,3,18.72309,0,1,0,0.3333,16023,False,False
20,2020-05-16,25,PE,Jucati,2608255,city,3,26.2605,0,0,0,0.0,11424,False,False
20,2020-05-16,28,PE,Jupi,2608305,city,2,13.48072,0,1,0,0.5,14836,False,False
20,2020-05-16,23,PE,Jurema,2608404,city,7,45.51957,0,0,0,0.0,15378,False,False
20,2020-05-16,30,PE,Lagoa de Itaenga,2608503,city,18,83.99832,10,3,0,0.1667,21429,False,False
20,2020-05-16,41,PE,Lagoa do Carro,2608453,city,25,138.3432,1,3,0,0.12,18071,False,False
20,2020-05-16,21,PE,Lagoa do Ouro,2608602,city,1,7.60746,0,0,0,0.0,13145,False,False
20,2020-05-16,34,PE,Lagoa dos Gatos,2608701,city,3,18.41621,0,2,0,0.6667,16290,False,False
20,2020-05-16,2,PE,Lagoa Grande,2608750,city,1,3.9061,0,1,0,1.0,25601,False,False
20,2020-05-16,21,PE,Lajedo,2608800,city,8,19.85703,3,1,0,0.125,40288,False,False
20,2020-05-16,38,PE,Limoeiro,2608909,city,44,78.22222,6,9,0,0.2045,56250,False,False
20,2020-05-16,40,PE,Macaparana,2609006,city,10,39.40731,1,2,0,0.2,25376,False,False
20,2020-05-16,35,PE,Machados,2609105,city,9,55.94232,0,1,0,0.1111,16088,False,False
20,2020-05-16,10,PE,Maraial,2609204,city,1,8.81446,0,1,0,1.0,11345,False,False
20,2020-05-16,40,PE,Moreno,2609402,city,96,152.9052,11,12,3,0.125,62784,False,False
20,2020-05-16,25,PE,Nazaré da Mata,2609501,city,27,83.15112,4,4,1,0.1481,32471,False,False
20,2020-05-16,56,PE,Olinda,2609600,city,1566,398.99919,121,104,3,0.0664,392482,False,False
20,2020-05-16,21,PE,Orobó,2609709,city,2,8.37381,0,0,0,0.0,23884,False,False
20,2020-05-16,25,PE,Orocó,2609808,city,3,20.01201,1,1,1,0.3333,14991,False,False
20,2020-05-16,21,PE,Ouricuri,2609907,city,10,14.39698,1,1,0,0.1,69459,False,False
20,2020-05-16,48,PE,Palmares,2610004,city,50,79.05138,16,6,0,0.12,63250,False,False
20,2020-05-16,25,PE,Panelas,2610202,city,6,22.66375,0,1,0,0.1667,26474,False,False
20,2020-05-16,4,PE,Paranatama,2610301,city,1,8.6783,0,0,0,0.0,11523,False,False
20,2020-05-16,39,PE,Passira,2610509,city,34,117.51287,8,1,0,0.0294,28933,False,False
20,2020-05-16,41,PE,Paudalho,2610608,city,100,176.97236,28,14,2,0.14,56506,False,False
20,2020-05-16,44,PE,Paulista,2610707,city,1120,337.5792,91,71,0,0.0634,331774,False,False
20,2020-05-16,28,PE,Pedra,2610806,city,18,79.58615,6,2,1,0.1111,22617,False,False
20,2020-05-16,30,PE,Pesqueira,2610905,city,12,17.80548,1,0,0,0.0,67395,False,False
20,2020-05-16,19,PE,Petrolândia,2611002,city,4,10.94451,1,0,0,0.0,36548,False,False
20,2020-05-16,55,PE,Petrolina,2611101,city,84,24.05877,7,3,0,0.0357,349145,False,False
20,2020-05-16,28,PE,Poção,2611200,city,3,26.54397,0,0,0,0.0,11302,False,False
20,2020-05-16,38,PE,Pombos,2611309,city,99,365.43502,21,8,1,0.0808,27091,False,False
20,2020-05-16,20,PE,Primavera,2611408,city,15,100.22718,2,0,0,0.0,14966,False,False
20,2020-05-16,36,PE,Quipapá,2611507,city,2,7.68138,1,0,0,0.0,26037,False,False
20,2020-05-16,25,PE,Quixaba,2611533,city,4,58.71129,0,2,0,0.5,6813,False,False
20,2020-05-16,66,PE,Recife,2611606,city,9413,571.96607,1061,573,35,0.0609,1645727,False,False
20,2020-05-16,32,PE,Ribeirão,2611804,city,24,50.61689,3,6,0,0.25,47415,False,False
20,2020-05-16,30,PE,Rio Formoso,2611903,city,15,63.73486,2,3,0,0.2,23535,False,False
20,2020-05-16,17,PE,Sairé,2612000,city,1,10.06847,0,1,0,1.0,9932,False,False
20,2020-05-16,1,PE,Salgadinho,2612109,city,1,9.15835,1,0,0,0.0,10919,False,False
20,2020-05-16,40,PE,Salgueiro,2612208,city,37,60.72542,4,4,0,0.1081,60930,False,False
20,2020-05-16,6,PE,Saloá,2612307,city,1,6.31194,0,1,0,1.0,15843,False,False
20,2020-05-16,30,PE,Sanharó,2612406,city,3,11.33701,0,0,0,0.0,26462,False,False
20,2020-05-16,10,PE,Santa Cruz,2612455,city,1,6.49435,0,0,0,0.0,15398,False,False
20,2020-05-16,36,PE,Santa Cruz do Capibaribe,2612505,city,13,12.04406,1,0,0,0.0,107937,False,False
20,2020-05-16,17,PE,Santa Maria da Boa Vista,2612604,city,2,4.76974,0,0,0,0.0,41931,False,False
20,2020-05-16,19,PE,Santa Maria do Cambucá,2612703,city,3,21.22091,0,0,0,0.0,14137,False,False
20,2020-05-16,7,PE,São Benedito do Sul,2612901,city,1,6.29129,0,0,0,0.0,15895,False,False
20,2020-05-16,36,PE,São Bento do Una,2613008,city,23,38.65286,6,2,0,0.087,59504,False,False
20,2020-05-16,37,PE,São Caitano,2613107,city,27,72.49295,6,0,0,0.0,37245,False,False
20,2020-05-16,17,PE,São João,2613206,city,2,8.77462,0,0,0,0.0,22793,False,False
20,2020-05-16,21,PE,São Joaquim do Monte,2613305,city,9,42.14272,1,1,0,0.1111,21356,False,False
20,2020-05-16,35,PE,São José da Coroa Grande,2613404,city,25,117.38191,1,2,0,0.08,21298,False,False
20,2020-05-16,19,PE,São José do Belmonte,2613503,city,2,5.88945,1,0,0,0.0,33959,False,False
20,2020-05-16,30,PE,São José do Egito,2613602,city,5,14.72711,0,0,0,0.0,33951,False,False
20,2020-05-16,50,PE,São Lourenço da Mata,2613701,city,304,268.48008,19,39,1,0.1283,113230,False,False
20,2020-05-16,30,PE,São Vicente Ferrer,2613800,city,6,33.30003,1,0,0,0.0,18018,False,False
20,2020-05-16,37,PE,Serra Talhada,2613909,city,23,26.63578,0,2,0,0.087,86350,False,False
20,2020-05-16,5,PE,Serrita,2614006,city,1,5.21785,0,1,0,1.0,19165,False,False
20,2020-05-16,36,PE,Sertânia,2614105,city,12,33.41967,0,2,0,0.1667,35907,False,False
20,2020-05-16,28,PE,Sirinhaém,2614204,city,42,91.57309,19,3,0,0.0714,45865,False,False
20,2020-05-16,31,PE,Surubim,2614501,city,17,26.11808,4,4,0,0.2353,65089,False,False
20,2020-05-16,26,PE,Tabira,2614600,city,7,24.53214,2,2,0,0.2857,28534,False,False
20,2020-05-16,24,PE,Tamandaré,2614857,city,18,76.96254,3,1,0,0.0556,23388,False,False
20,2020-05-16,18,PE,Taquaritinga do Norte,2615003,city,3,10.42572,0,3,1,1.0,28775,False,False
20,2020-05-16,5,PE,Terezinha,2615102,city,3,41.84684,0,0,0,0.0,7169,False,False
20,2020-05-16,21,PE,Terra Nova,2615201,city,1,9.90491,0,1,0,1.0,10096,False,False
20,2020-05-16,40,PE,Timbaúba,2615300,city,38,71.66836,7,14,0,0.3684,53022,False,False
20,2020-05-16,36,PE,Toritama,2615409,city,2,4.42292,0,0,0,0.0,45219,False,False
20,2020-05-16,36,PE,Tracunhaém,2615508,city,5,36.31346,2,1,0,0.2,13769,False,False
20,2020-05-16,23,PE,Trindade,2615607,city,17,55.69935,5,4,0,0.2353,30521,False,False
20,2020-05-16,32,PE,Triunfo,2615706,city,8,52.44526,1,2,1,0.25,15254,False,False
20,2020-05-16,28,PE,Tupanatinga,2615805,city,5,18.31234,0,0,0,0.0,27304,False,False
20,2020-05-16,27,PE,Tuparetama,2615904,city,1,12.19215,0,0,0,0.0,8202,False,False
20,2020-05-16,21,PE,Venturosa,2616001,city,4,21.64268,0,1,0,0.25,18482,False,False
20,2020-05-16,5,PE,Vertente do Lério,2616183,city,2,26.25361,0,0,0,0.0,7618,False,False
20,2020-05-16,30,PE,Vertentes,2616209,city,10,48.23694,3,0,0,0.0,20731,False,False
20,2020-05-16,27,PE,Vicência,2616308,city,18,55.14199,4,1,0,0.0556,32643,False,False
20,2020-05-16,40,PE,Vitória de Santo Antão,2616407,city,279,201.07094,53,38,4,0.1362,138757,False,False
20,2020-05-16,24,PE,Xexéu,2616506,city,6,40.74703,1,2,0,0.3333,14725,False,False
20,2020-05-15,37,PE,Abreu e Lima,2600054,city,168,168.0168,6,15,1,0.0893,99990,False,False
20,2020-05-15,17,PE,Afogados da Ingazeira,2600104,city,5,13.41958,0,0,0,0.0,37259,False,False
20,2020-05-15,17,PE,Afrânio,2600203,city,1,5.09295,0,0,0,0.0,19635,False,False
20,2020-05-15,22,PE,Agrestina,2600302,city,5,20.09243,0,3,0,0.6,24885,False,False
20,2020-05-15,20,PE,Água Preta,2600401,city,32,87.0251,5,6,0,0.1875,36771,False,False
20,2020-05-15,14,PE,Águas Belas,2600500,city,21,48.3392,0,0,0,0.0,43443,False,False
20,2020-05-15,27,PE,Alagoinha,2600609,city,2,13.66494,0,0,0,0.0,14636,False,False
20,2020-05-15,45,PE,Aliança,2600708,city,26,67.73303,1,10,1,0.3846,38386,False,False
20,2020-05-15,27,PE,Altinho,2600807,city,6,26.11875,1,0,0,0.0,22972,False,False
20,2020-05-15,30,PE,Amaraji,2600906,city,17,74.46669,0,4,0,0.2353,22829,False,False
20,2020-05-15,33,PE,Araçoiaba,2601052,city,11,53.59579,0,2,0,0.1818,20524,False,False
20,2020-05-15,13,PE,Araripina,2601102,city,16,18.9533,1,1,1,0.0625,84418,False,False
20,2020-05-15,38,PE,Arcoverde,2601201,city,34,45.73704,0,7,0,0.2059,74338,False,False
20,2020-05-15,5,PE,Barra de Guabiraba,2601300,city,4,27.80674,0,1,0,0.25,14385,False,False
20,2020-05-15,15,PE,Barreiros,2601409,city,16,37.50674,1,3,1,0.1875,42659,False,False
20,2020-05-15,9,PE,Belém de Maria,2601508,city,0,,0,0,0,0.0,12073,False,False
20,2020-05-15,1,PE,Belém do São Francisco,2601607,city,1,4.82416,1,0,0,0.0,20729,False,False
20,2020-05-15,60,PE,Belo Jardim,2601706,city,16,20.93172,2,1,0,0.0625,76439,False,False
20,2020-05-15,21,PE,Betânia,2601805,city,4,31.44901,0,1,0,0.25,12719,False,False
20,2020-05-15,33,PE,Bezerros,2601904,city,19,31.25103,2,1,0,0.0526,60798,False,False
20,2020-05-15,5,PE,Bodocó,2602001,city,0,,0,0,0,0.0,38146,False,False
20,2020-05-15,36,PE,Bom Conselho,2602100,city,6,12.35738,0,1,0,0.1667,48554,False,False
20,2020-05-15,39,PE,Bom Jardim,2602209,city,18,45.93712,0,7,0,0.3889,39184,False,False
20,2020-05-15,28,PE,Bonito,2602308,city,11,28.84565,1,3,0,0.2727,38134,False,False
20,2020-05-15,14,PE,Brejo da Madre de Deus,2602605,city,3,5.91226,0,0,0,0.0,50742,False,False
20,2020-05-15,13,PE,Buenos Aires,2602704,city,3,22.80502,0,1,0,0.3333,13155,False,False
20,2020-05-15,13,PE,Buíque,2602803,city,3,5.13892,0,0,0,0.0,58378,False,False
20,2020-05-15,43,PE,Cabo de Santo Agostinho,2602902,city,296,142.96202,17,50,5,0.1689,207048,False,False
20,2020-05-15,21,PE,Cabrobó,2603009,city,2,5.84436,1,0,0,0.0,34221,False,False
20,2020-05-15,40,PE,Cachoeirinha,2603108,city,15,73.60157,0,0,0,0.0,20380,False,False
20,2020-05-15,27,PE,Caetés,2603207,city,9,31.31633,0,0,0,0.0,28739,False,False
20,2020-05-15,50,PE,Camaragibe,2603454,city,498,315.53337,21,32,0,0.0643,157828,False,False
20,2020-05-15,23,PE,Camocim de São Félix,2603504,city,9,47.96163,3,0,0,0.0,18765,False,False
20,2020-05-15,7,PE,Camutanga,2603603,city,3,35.08362,0,1,0,0.3333,8551,False,False
20,2020-05-15,5,PE,Canhotinho,2603702,city,1,4.03161,0,0,0,0.0,24804,False,False
20,2020-05-15,37,PE,Capoeiras,2603801,city,3,14.96409,0,1,0,0.3333,20048,False,False
20,2020-05-15,32,PE,Carnaíba,2603900,city,5,25.57414,0,4,0,0.8,19551,False,False
20,2020-05-15,20,PE,Carnaubeira da Penha,2603926,city,2,15.46551,0,1,0,0.5,12932,False,False
20,2020-05-15,37,PE,Carpina,2604007,city,34,40.64992,1,8,0,0.2353,83641,False,False
20,2020-05-15,54,PE,Caruaru,2604106,city,108,29.90712,12,12,1,0.1111,361118,False,False
20,2020-05-15,2,PE,Casinhas,2604155,city,1,6.97301,0,0,0,0.0,14341,False,False
20,2020-05-15,39,PE,Catende,2604205,city,15,34.97156,2,6,1,0.4,42892,False,False
20,2020-05-15,20,PE,Cedro,2604304,city,1,8.46955,0,0,0,0.0,11807,False,False
20,2020-05-15,32,PE,Chã de Alegria,2604403,city,25,184.9386,0,1,0,0.04,13518,False,False
20,2020-05-15,34,PE,Chã Grande,2604502,city,41,188.95751,4,3,0,0.0732,21698,False,False
20,2020-05-15,23,PE,Condado,2604601,city,21,79.48223,0,2,0,0.0952,26421,False,False
20,2020-05-15,22,PE,Correntes,2604700,city,2,10.98479,0,1,0,0.5,18207,False,False
20,2020-05-15,16,PE,Cortês,2604809,city,12,95.40467,1,1,0,0.0833,12578,False,False
20,2020-05-15,16,PE,Cumaru,2604908,city,11,100.86191,0,0,0,0.0,10906,False,False
20,2020-05-15,30,PE,Cupira,2605004,city,8,33.18538,3,1,0,0.125,24107,False,False
20,2020-05-15,27,PE,Custódia,2605103,city,17,45.80852,0,2,0,0.1176,37111,False,False
20,2020-05-15,30,PE,Escada,2605202,city,46,66.78766,4,6,1,0.1304,68875,False,False
20,2020-05-15,30,PE,Feira Nova,2605400,city,19,85.85242,2,5,0,0.2632,22131,False,False
20,2020-05-15,50,PE,Fernando de Noronha,2605459,city,28,914.73375,0,0,0,0.0,3061,False,False
20,2020-05-15,26,PE,Ferreiros,2605509,city,15,123.73175,0,4,0,0.2667,12123,False,False
20,2020-05-15,18,PE,Flores,2605608,city,0,,0,0,0,0.0,22624,False,False
20,2020-05-15,12,PE,Floresta,2605707,city,4,12.16804,0,2,0,0.5,32873,False,False
20,2020-05-15,37,PE,Frei Miguelinho,2605806,city,17,109.98253,0,3,0,0.1765,15457,False,False
20,2020-05-15,35,PE,Gameleira,2605905,city,9,28.98364,1,3,1,0.3333,31052,False,False
20,2020-05-15,37,PE,Garanhuns,2606002,city,49,35.05308,2,4,0,0.0816,139788,False,False
20,2020-05-15,34,PE,Glória do Goitá,2606101,city,32,104.5615,2,10,0,0.3125,30604,False,False
20,2020-05-15,50,PE,Goiana,2606200,city,97,121.61789,4,11,0,0.1134,79758,False,False
20,2020-05-15,20,PE,Granito,2606309,city,1,13.35827,0,0,0,0.0,7486,False,False
20,2020-05-15,33,PE,Gravatá,2606408,city,37,44.00885,4,4,0,0.1081,84074,False,False
20,2020-05-15,22,PE,Ibimirim,2606606,city,11,37.62613,1,4,0,0.3636,29235,False,False
20,2020-05-15,16,PE,Ibirajuba,2606705,city,1,12.88328,0,0,0,0.0,7762,False,False
20,2020-05-15,39,PE,Igarassu,2606804,city,161,137.58449,6,25,3,0.1553,117019,False,False
20,2020-05-15,20,PE,Iguaracy,2606903,city,3,24.53386,0,0,0,0.0,12228,False,False
20,2020-05-15,32,PE,Ilha de Itamaracá,2607604,city,28,106.63417,1,0,0,0.0,26258,False,False
20,2020-05-15,63,PE,Importados/Indefinidos,,city,26,,0,3,0,0.1154,,False,False
20,2020-05-15,25,PE,Inajá,2607000,city,1,4.30163,0,0,0,0.0,23247,False,False
20,2020-05-15,36,PE,Ipojuca,2607208,city,103,107.06416,11,11,1,0.1068,96204,False,False
20,2020-05-15,46,PE,Ipubi,2607307,city,10,32.41071,0,1,0,0.1,30854,False,False
20,2020-05-15,7,PE,Itaíba,2607505,city,1,3.79521,0,0,0,0.0,26349,False,False
20,2020-05-15,25,PE,Itambé,2607653,city,11,30.18081,0,1,0,0.0909,36447,False,False
20,2020-05-15,26,PE,Itapetim,2607703,city,3,22.0329,0,1,0,0.3333,13616,False,False
20,2020-05-15,34,PE,Itapissuma,2607752,city,31,116.31834,1,6,0,0.1935,26651,False,False
20,2020-05-15,21,PE,Itaquitinga,2607802,city,11,64.87762,0,4,0,0.3636,16955,False,False
20,2020-05-15,60,PE,Jaboatão dos Guararapes,2607901,city,1543,219.7073,56,157,8,0.1017,702298,False,False
20,2020-05-15,19,PE,Jaqueira,2607950,city,11,94.372,0,2,0,0.1818,11656,False,False
20,2020-05-15,25,PE,Jataúba,2608008,city,12,69.97085,3,1,0,0.0833,17150,False,False
20,2020-05-15,27,PE,Jatobá,2608057,city,2,13.51717,0,0,0,0.0,14796,False,False
20,2020-05-15,37,PE,João Alfredo,2608107,city,20,59.13311,3,5,2,0.25,33822,False,False
20,2020-05-15,14,PE,Joaquim Nabuco,2608206,city,3,18.72309,0,1,0,0.3333,16023,False,False
20,2020-05-15,24,PE,Jucati,2608255,city,3,26.2605,0,0,0,0.0,11424,False,False
20,2020-05-15,27,PE,Jupi,2608305,city,2,13.48072,0,1,0,0.5,14836,False,False
20,2020-05-15,22,PE,Jurema,2608404,city,7,45.51957,0,0,0,0.0,15378,False,False
20,2020-05-15,29,PE,Lagoa de Itaenga,2608503,city,8,37.33259,0,3,0,0.375,21429,False,False
20,2020-05-15,40,PE,Lagoa do Carro,2608453,city,24,132.80947,2,3,1,0.125,18071,False,False
20,2020-05-15,20,PE,Lagoa do Ouro,2608602,city,1,7.60746,0,0,0,0.0,13145,False,False
20,2020-05-15,33,PE,Lagoa dos Gatos,2608701,city,3,18.41621,0,2,0,0.6667,16290,False,False
20,2020-05-15,1,PE,Lagoa Grande,2608750,city,1,3.9061,1,1,1,1.0,25601,False,False
20,2020-05-15,20,PE,Lajedo,2608800,city,5,12.41064,0,1,0,0.2,40288,False,False
20,2020-05-15,37,PE,Limoeiro,2608909,city,38,67.55556,5,9,1,0.2368,56250,False,False
20,2020-05-15,39,PE,Macaparana,2609006,city,9,35.46658,0,2,0,0.2222,25376,False,False
20,2020-05-15,34,PE,Machados,2609105,city,9,55.94232,1,1,0,0.1111,16088,False,False
20,2020-05-15,9,PE,Maraial,2609204,city,1,8.81446,0,1,0,1.0,11345,False,False
20,2020-05-15,39,PE,Moreno,2609402,city,85,135.38481,8,9,2,0.1059,62784,False,False
20,2020-05-15,24,PE,Nazaré da Mata,2609501,city,23,70.83244,0,3,0,0.1304,32471,False,False
20,2020-05-15,55,PE,Olinda,2609600,city,1445,368.16975,61,101,4,0.0699,392482,False,False
20,2020-05-15,20,PE,Orobó,2609709,city,2,8.37381,0,0,0,0.0,23884,False,False
20,2020-05-15,24,PE,Orocó,2609808,city,2,13.34134,1,0,0,0.0,14991,False,False
20,2020-05-15,20,PE,Ouricuri,2609907,city,9,12.95728,0,1,0,0.1111,69459,False,False
20,2020-05-15,47,PE,Palmares,2610004,city,34,53.75494,2,6,0,0.1765,63250,False,False
20,2020-05-15,24,PE,Panelas,2610202,city,6,22.66375,0,1,0,0.1667,26474,False,False
20,2020-05-15,3,PE,Paranatama,2610301,city,1,8.6783,0,0,0,0.0,11523,False,False
20,2020-05-15,38,PE,Passira,2610509,city,26,89.86279,0,1,0,0.0385,28933,False,False
20,2020-05-15,40,PE,Paudalho,2610608,city,72,127.4201,2,12,0,0.1667,56506,False,False
20,2020-05-15,43,PE,Paulista,2610707,city,1029,310.15089,46,71,6,0.069,331774,False,False
20,2020-05-15,27,PE,Pedra,2610806,city,12,53.05743,0,1,1,0.0833,22617,False,False
20,2020-05-15,29,PE,Pesqueira,2610905,city,11,16.32169,0,0,0,0.0,67395,False,False
20,2020-05-15,18,PE,Petrolândia,2611002,city,3,8.20838,0,0,0,0.0,36548,False,False
20,2020-05-15,54,PE,Petrolina,2611101,city,77,22.05387,6,3,0,0.039,349145,False,False
20,2020-05-15,27,PE,Poção,2611200,city,3,26.54397,0,0,0,0.0,11302,False,False
20,2020-05-15,37,PE,Pombos,2611309,city,78,287.9185,0,7,1,0.0897,27091,False,False
20,2020-05-15,19,PE,Primavera,2611408,city,13,86.86356,1,0,0,0.0,14966,False,False
20,2020-05-15,35,PE,Quipapá,2611507,city,1,3.84069,0,0,0,0.0,26037,False,False
20,2020-05-15,24,PE,Quixaba,2611533,city,4,58.71129,0,2,0,0.5,6813,False,False
20,2020-05-15,65,PE,Recife,2611606,city,8352,507.49608,256,538,31,0.0644,1645727,False,False
20,2020-05-15,31,PE,Ribeirão,2611804,city,21,44.28978,0,6,0,0.2857,47415,False,False
20,2020-05-15,29,PE,Rio Formoso,2611903,city,13,55.23688,1,3,0,0.2308,23535,False,False
20,2020-05-15,16,PE,Sairé,2612000,city,1,10.06847,0,1,0,1.0,9932,False,False
20,2020-05-15,39,PE,Salgueiro,2612208,city,33,54.16051,0,4,0,0.1212,60930,False,False
20,2020-05-15,5,PE,Saloá,2612307,city,1,6.31194,0,1,0,1.0,15843,False,False
20,2020-05-15,29,PE,Sanharó,2612406,city,3,11.33701,0,0,0,0.0,26462,False,False
20,2020-05-15,9,PE,Santa Cruz,2612455,city,1,6.49435,0,0,0,0.0,15398,False,False
20,2020-05-15,35,PE,Santa Cruz do Capibaribe,2612505,city,12,11.1176,0,0,0,0.0,107937,False,False
20,2020-05-15,16,PE,Santa Maria da Boa Vista,2612604,city,2,4.76974,0,0,0,0.0,41931,False,False
20,2020-05-15,18,PE,Santa Maria do Cambucá,2612703,city,3,21.22091,1,0,0,0.0,14137,False,False
20,2020-05-15,6,PE,São Benedito do Sul,2612901,city,1,6.29129,0,0,0,0.0,15895,False,False
20,2020-05-15,35,PE,São Bento do Una,2613008,city,17,28.56951,0,2,1,0.1176,59504,False,False
20,2020-05-15,36,PE,São Caitano,2613107,city,21,56.38341,0,0,0,0.0,37245,False,False
20,2020-05-15,16,PE,São João,2613206,city,2,8.77462,0,0,0,0.0,22793,False,False
20,2020-05-15,20,PE,São Joaquim do Monte,2613305,city,8,37.4602,0,1,0,0.125,21356,False,False
20,2020-05-15,34,PE,São José da Coroa Grande,2613404,city,24,112.68664,2,2,0,0.0833,21298,False,False
20,2020-05-15,18,PE,São José do Belmonte,2613503,city,1,2.94473,0,0,0,0.0,33959,False,False
20,2020-05-15,29,PE,São José do Egito,2613602,city,5,14.72711,0,0,0,0.0,33951,False,False
20,2020-05-15,49,PE,São Lourenço da Mata,2613701,city,285,251.70008,7,38,1,0.1333,113230,False,False
20,2020-05-15,29,PE,São Vicente Ferrer,2613800,city,5,27.75003,0,0,0,0.0,18018,False,False
20,2020-05-15,36,PE,Serra Talhada,2613909,city,23,26.63578,0,2,0,0.087,86350,False,False
20,2020-05-15,4,PE,Serrita,2614006,city,1,5.21785,-1,1,0,1.0,19165,False,False
20,2020-05-15,35,PE,Sertânia,2614105,city,12,33.41967,1,2,0,0.1667,35907,False,False
20,2020-05-15,27,PE,Sirinhaém,2614204,city,23,50.14717,1,3,1,0.1304,45865,False,False
20,2020-05-15,30,PE,Surubim,2614501,city,13,19.97265,1,4,1,0.3077,65089,False,False
20,2020-05-15,25,PE,Tabira,2614600,city,5,17.52296,1,2,0,0.4,28534,False,False
20,2020-05-15,23,PE,Tamandaré,2614857,city,15,64.13545,1,1,0,0.0667,23388,False,False
20,2020-05-15,17,PE,Taquaritinga do Norte,2615003,city,3,10.42572,1,2,0,0.6667,28775,False,False
20,2020-05-15,4,PE,Terezinha,2615102,city,3,41.84684,0,0,0,0.0,7169,False,False
20,2020-05-15,20,PE,Terra Nova,2615201,city,1,9.90491,0,1,0,1.0,10096,False,False
20,2020-05-15,39,PE,Timbaúba,2615300,city,31,58.4663,2,14,2,0.4516,53022,False,False
20,2020-05-15,35,PE,Toritama,2615409,city,2,4.42292,0,0,0,0.0,45219,False,False
20,2020-05-15,35,PE,Tracunhaém,2615508,city,3,21.78807,0,1,0,0.3333,13769,False,False
20,2020-05-15,22,PE,Trindade,2615607,city,12,39.31719,0,4,0,0.3333,30521,False,False
20,2020-05-15,31,PE,Triunfo,2615706,city,7,45.8896,1,1,0,0.1429,15254,False,False
20,2020-05-15,27,PE,Tupanatinga,2615805,city,5,18.31234,0,0,0,0.0,27304,False,False
20,2020-05-15,26,PE,Tuparetama,2615904,city,1,12.19215,0,0,0,0.0,8202,False,False
20,2020-05-15,20,PE,Venturosa,2616001,city,4,21.64268,0,1,0,0.25,18482,False,False
20,2020-05-15,4,PE,Vertente do Lério,2616183,city,2,26.25361,1,0,0,0.0,7618,False,False
20,2020-05-15,29,PE,Vertentes,2616209,city,7,33.76586,0,0,0,0.0,20731,False,False
20,2020-05-15,26,PE,Vicência,2616308,city,14,42.88821,0,1,0,0.0714,32643,False,False
20,2020-05-15,39,PE,Vitória de Santo Antão,2616407,city,226,162.87467,21,34,1,0.1504,138757,False,False
20,2020-05-15,23,PE,Xexéu,2616506,city,5,33.95586,1,2,1,0.4,14725,False,False
20,2020-05-14,36,PE,Abreu e Lima,2600054,city,162,162.0162,9,14,1,0.0864,99990,False,False
20,2020-05-14,16,PE,Afogados da Ingazeira,2600104,city,5,13.41958,0,0,0,0.0,37259,False,False
20,2020-05-14,16,PE,Afrânio,2600203,city,1,5.09295,0,0,0,0.0,19635,False,False
20,2020-05-14,21,PE,Agrestina,2600302,city,5,20.09243,1,3,0,0.6,24885,False,False
20,2020-05-14,19,PE,Água Preta,2600401,city,27,73.42743,2,6,1,0.2222,36771,False,False
20,2020-05-14,13,PE,Águas Belas,2600500,city,21,48.3392,1,0,0,0.0,43443,False,False
20,2020-05-14,26,PE,Alagoinha,2600609,city,2,13.66494,0,0,0,0.0,14636,False,False
20,2020-05-14,44,PE,Aliança,2600708,city,25,65.12791,0,9,0,0.36,38386,False,False
20,2020-05-14,26,PE,Altinho,2600807,city,5,21.76563,0,0,0,0.0,22972,False,False
20,2020-05-14,29,PE,Amaraji,2600906,city,17,74.46669,1,4,0,0.2353,22829,False,False
20,2020-05-14,32,PE,Araçoiaba,2601052,city,11,53.59579,1,2,0,0.1818,20524,False,False
20,2020-05-14,12,PE,Araripina,2601102,city,15,17.76872,0,0,0,0.0,84418,False,False
20,2020-05-14,37,PE,Arcoverde,2601201,city,34,45.73704,0,7,0,0.2059,74338,False,False
20,2020-05-14,4,PE,Barra de Guabiraba,2601300,city,4,27.80674,0,1,0,0.25,14385,False,False
20,2020-05-14,14,PE,Barreiros,2601409,city,15,35.16257,1,2,1,0.1333,42659,False,False
20,2020-05-14,8,PE,Belém de Maria,2601508,city,0,,0,0,0,0.0,12073,False,False
20,2020-05-14,59,PE,Belo Jardim,2601706,city,14,18.31526,0,1,0,0.0714,76439,False,False
20,2020-05-14,20,PE,Betânia,2601805,city,4,31.44901,0,1,0,0.25,12719,False,False
20,2020-05-14,32,PE,Bezerros,2601904,city,17,27.96145,0,1,0,0.0588,60798,False,False
20,2020-05-14,4,PE,Bodocó,2602001,city,0,,0,0,0,0.0,38146,False,False
20,2020-05-14,35,PE,Bom Conselho,2602100,city,6,12.35738,0,1,0,0.1667,48554,False,False
20,2020-05-14,38,PE,Bom Jardim,2602209,city,18,45.93712,1,7,1,0.3889,39184,False,False
20,2020-05-14,27,PE,Bonito,2602308,city,10,26.22332,0,3,0,0.3,38134,False,False
20,2020-05-14,13,PE,Brejo da Madre de Deus,2602605,city,3,5.91226,1,0,0,0.0,50742,False,False
20,2020-05-14,12,PE,Buenos Aires,2602704,city,3,22.80502,0,1,0,0.3333,13155,False,False
20,2020-05-14,12,PE,Buíque,2602803,city,3,5.13892,0,0,0,0.0,58378,False,False
20,2020-05-14,42,PE,Cabo de Santo Agostinho,2602902,city,279,134.75136,35,45,3,0.1613,207048,False,False
20,2020-05-14,20,PE,Cabrobó,2603009,city,1,2.92218,0,0,0,0.0,34221,False,False
20,2020-05-14,39,PE,Cachoeirinha,2603108,city,15,73.60157,2,0,0,0.0,20380,False,False
20,2020-05-14,26,PE,Caetés,2603207,city,9,31.31633,0,0,0,0.0,28739,False,False
20,2020-05-14,49,PE,Camaragibe,2603454,city,477,302.22774,14,32,0,0.0671,157828,False,False
20,2020-05-14,22,PE,Camocim de São Félix,2603504,city,6,31.97442,0,0,0,0.0,18765,False,False
20,2020-05-14,6,PE,Camutanga,2603603,city,3,35.08362,0,1,0,0.3333,8551,False,False
20,2020-05-14,4,PE,Canhotinho,2603702,city,1,4.03161,0,0,0,0.0,24804,False,False
20,2020-05-14,36,PE,Capoeiras,2603801,city,3,14.96409,0,1,0,0.3333,20048,False,False
20,2020-05-14,31,PE,Carnaíba,2603900,city,5,25.57414,0,4,0,0.8,19551,False,False
20,2020-05-14,19,PE,Carnaubeira da Penha,2603926,city,2,15.46551,0,1,0,0.5,12932,False,False
20,2020-05-14,36,PE,Carpina,2604007,city,33,39.45433,1,8,0,0.2424,83641,False,False
20,2020-05-14,53,PE,Caruaru,2604106,city,96,26.58411,11,11,1,0.1146,361118,False,False
20,2020-05-14,1,PE,Casinhas,2604155,city,1,6.97301,1,0,0,0.0,14341,False,False
20,2020-05-14,38,PE,Catende,2604205,city,13,30.30868,0,5,0,0.3846,42892,False,False
20,2020-05-14,19,PE,Cedro,2604304,city,1,8.46955,0,0,0,0.0,11807,False,False
20,2020-05-14,31,PE,Chã de Alegria,2604403,city,25,184.9386,0,1,0,0.04,13518,False,False
20,2020-05-14,33,PE,Chã Grande,2604502,city,37,170.52263,0,3,0,0.0811,21698,False,False
20,2020-05-14,22,PE,Condado,2604601,city,21,79.48223,1,2,0,0.0952,26421,False,False
20,2020-05-14,21,PE,Correntes,2604700,city,2,10.98479,0,1,0,0.5,18207,False,False
20,2020-05-14,15,PE,Cortês,2604809,city,11,87.45429,0,1,0,0.0909,12578,False,False
20,2020-05-14,15,PE,Cumaru,2604908,city,11,100.86191,1,0,0,0.0,10906,False,False
20,2020-05-14,29,PE,Cupira,2605004,city,5,20.74086,0,1,0,0.2,24107,False,False
20,2020-05-14,26,PE,Custódia,2605103,city,17,45.80852,0,2,0,0.1176,37111,False,False
20,2020-05-14,29,PE,Escada,2605202,city,42,60.98004,3,5,0,0.119,68875,False,False
20,2020-05-14,29,PE,Feira Nova,2605400,city,17,76.81533,1,5,0,0.2941,22131,False,False
20,2020-05-14,49,PE,Fernando de Noronha,2605459,city,28,914.73375,0,0,0,0.0,3061,False,False
20,2020-05-14,25,PE,Ferreiros,2605509,city,15,123.73175,0,4,0,0.2667,12123,False,False
20,2020-05-14,17,PE,Flores,2605608,city,0,,0,0,0,0.0,22624,False,False
20,2020-05-14,11,PE,Floresta,2605707,city,4,12.16804,0,2,0,0.5,32873,False,False
20,2020-05-14,36,PE,Frei Miguelinho,2605806,city,17,109.98253,0,3,0,0.1765,15457,False,False
20,2020-05-14,34,PE,Gameleira,2605905,city,8,25.76324,0,2,0,0.25,31052,False,False
20,2020-05-14,36,PE,Garanhuns,2606002,city,47,33.62234,2,4,0,0.0851,139788,False,False
20,2020-05-14,33,PE,Glória do Goitá,2606101,city,30,98.0264,0,10,0,0.3333,30604,False,False
20,2020-05-14,49,PE,Goiana,2606200,city,93,116.60272,6,11,0,0.1183,79758,False,False
20,2020-05-14,19,PE,Granito,2606309,city,1,13.35827,0,0,0,0.0,7486,False,False
20,2020-05-14,32,PE,Gravatá,2606408,city,33,39.25114,2,4,1,0.1212,84074,False,False
20,2020-05-14,21,PE,Ibimirim,2606606,city,10,34.20558,0,4,0,0.4,29235,False,False
20,2020-05-14,15,PE,Ibirajuba,2606705,city,1,12.88328,0,0,0,0.0,7762,False,False
20,2020-05-14,38,PE,Igarassu,2606804,city,155,132.45712,6,22,0,0.1419,117019,False,False
20,2020-05-14,19,PE,Iguaracy,2606903,city,3,24.53386,0,0,0,0.0,12228,False,False
20,2020-05-14,31,PE,Ilha de Itamaracá,2607604,city,27,102.82581,1,0,0,0.0,26258,False,False
20,2020-05-14,62,PE,Importados/Indefinidos,,city,26,,0,3,0,0.1154,,False,False
20,2020-05-14,24,PE,Inajá,2607000,city,1,4.30163,0,0,0,0.0,23247,False,False
20,2020-05-14,35,PE,Ipojuca,2607208,city,92,95.63012,7,10,2,0.1087,96204,False,False
20,2020-05-14,45,PE,Ipubi,2607307,city,10,32.41071,0,1,0,0.1,30854,False,False
20,2020-05-14,6,PE,Itaíba,2607505,city,1,3.79521,0,0,0,0.0,26349,False,False
20,2020-05-14,24,PE,Itambé,2607653,city,11,30.18081,0,1,0,0.0909,36447,False,False
20,2020-05-14,25,PE,Itapetim,2607703,city,3,22.0329,0,1,0,0.3333,13616,False,False
20,2020-05-14,33,PE,Itapissuma,2607752,city,30,112.56613,1,6,1,0.2,26651,False,False
20,2020-05-14,20,PE,Itaquitinga,2607802,city,11,64.87762,1,4,1,0.3636,16955,False,False
20,2020-05-14,59,PE,Jaboatão dos Guararapes,2607901,city,1487,211.73348,100,149,10,0.1002,702298,False,False
20,2020-05-14,18,PE,Jaqueira,2607950,city,11,94.372,0,2,0,0.1818,11656,False,False
20,2020-05-14,24,PE,Jataúba,2608008,city,9,52.47813,0,1,0,0.1111,17150,False,False
20,2020-05-14,26,PE,Jatobá,2608057,city,2,13.51717,0,0,0,0.0,14796,False,False
20,2020-05-14,36,PE,João Alfredo,2608107,city,17,50.26314,0,3,3,0.1765,33822,False,False
20,2020-05-14,13,PE,Joaquim Nabuco,2608206,city,3,18.72309,0,1,0,0.3333,16023,False,False
20,2020-05-14,23,PE,Jucati,2608255,city,3,26.2605,0,0,0,0.0,11424,False,False
20,2020-05-14,26,PE,Jupi,2608305,city,2,13.48072,0,1,0,0.5,14836,False,False
20,2020-05-14,21,PE,Jurema,2608404,city,7,45.51957,-1,0,0,0.0,15378,False,False
20,2020-05-14,28,PE,Lagoa de Itaenga,2608503,city,8,37.33259,1,3,1,0.375,21429,False,False
20,2020-05-14,39,PE,Lagoa do Carro,2608453,city,22,121.74202,0,2,0,0.0909,18071,False,False
20,2020-05-14,19,PE,Lagoa do Ouro,2608602,city,1,7.60746,0,0,0,0.0,13145,False,False
20,2020-05-14,32,PE,Lagoa dos Gatos,2608701,city,3,18.41621,0,2,0,0.6667,16290,False,False
20,2020-05-14,19,PE,Lajedo,2608800,city,5,12.41064,0,1,0,0.2,40288,False,False
20,2020-05-14,36,PE,Limoeiro,2608909,city,33,58.66667,1,8,0,0.2424,56250,False,False
20,2020-05-14,38,PE,Macaparana,2609006,city,9,35.46658,0,2,0,0.2222,25376,False,False
20,2020-05-14,33,PE,Machados,2609105,city,8,49.7265,1,1,0,0.125,16088,False,False
20,2020-05-14,8,PE,Maraial,2609204,city,1,8.81446,0,1,0,1.0,11345,False,False
20,2020-05-14,38,PE,Moreno,2609402,city,77,122.64271,7,7,2,0.0909,62784,False,False
20,2020-05-14,23,PE,Nazaré da Mata,2609501,city,23,70.83244,3,3,0,0.1304,32471,False,False
20,2020-05-14,54,PE,Olinda,2609600,city,1384,352.62764,43,97,2,0.0701,392482,False,False
20,2020-05-14,19,PE,Orobó,2609709,city,2,8.37381,0,0,0,0.0,23884,False,False
20,2020-05-14,23,PE,Orocó,2609808,city,1,6.67067,0,0,0,0.0,14991,False,False
20,2020-05-14,19,PE,Ouricuri,2609907,city,9,12.95728,0,1,0,0.1111,69459,False,False
20,2020-05-14,46,PE,Palmares,2610004,city,32,50.59289,0,6,0,0.1875,63250,False,False
20,2020-05-14,23,PE,Panelas,2610202,city,6,22.66375,0,1,0,0.1667,26474,False,False
20,2020-05-14,2,PE,Paranatama,2610301,city,1,8.6783,0,0,0,0.0,11523,False,False
20,2020-05-14,37,PE,Passira,2610509,city,26,89.86279,2,1,0,0.0385,28933,False,False
20,2020-05-14,39,PE,Paudalho,2610608,city,70,123.88065,1,12,2,0.1714,56506,False,False
20,2020-05-14,42,PE,Paulista,2610707,city,983,296.28603,34,65,1,0.0661,331774,False,False
20,2020-05-14,26,PE,Pedra,2610806,city,12,53.05743,0,0,0,0.0,22617,False,False
20,2020-05-14,28,PE,Pesqueira,2610905,city,11,16.32169,0,0,0,0.0,67395,False,False
20,2020-05-14,17,PE,Petrolândia,2611002,city,3,8.20838,0,0,0,0.0,36548,False,False
20,2020-05-14,53,PE,Petrolina,2611101,city,71,20.33539,3,3,1,0.0423,349145,False,False
20,2020-05-14,26,PE,Poção,2611200,city,3,26.54397,0,0,0,0.0,11302,False,False
20,2020-05-14,36,PE,Pombos,2611309,city,78,287.9185,5,6,0,0.0769,27091,False,False
20,2020-05-14,18,PE,Primavera,2611408,city,12,80.18175,0,0,0,0.0,14966,False,False
20,2020-05-14,34,PE,Quipapá,2611507,city,1,3.84069,0,0,0,0.0,26037,False,False
20,2020-05-14,23,PE,Quixaba,2611533,city,4,58.71129,0,2,0,0.5,6813,False,False
20,2020-05-14,64,PE,Recife,2611606,city,8096,491.94064,339,507,28,0.0626,1645727,False,False
20,2020-05-14,30,PE,Ribeirão,2611804,city,21,44.28978,3,6,2,0.2857,47415,False,False
20,2020-05-14,28,PE,Rio Formoso,2611903,city,12,50.98789,0,3,0,0.25,23535,False,False
20,2020-05-14,15,PE,Sairé,2612000,city,1,10.06847,0,1,0,1.0,9932,False,False
20,2020-05-14,38,PE,Salgueiro,2612208,city,33,54.16051,1,4,0,0.1212,60930,False,False
20,2020-05-14,4,PE,Saloá,2612307,city,1,6.31194,0,1,0,1.0,15843,False,False
20,2020-05-14,28,PE,Sanharó,2612406,city,3,11.33701,0,0,0,0.0,26462,False,False
20,2020-05-14,8,PE,Santa Cruz,2612455,city,1,6.49435,0,0,0,0.0,15398,False,False
20,2020-05-14,34,PE,Santa Cruz do Capibaribe,2612505,city,12,11.1176,1,0,0,0.0,107937,False,False
20,2020-05-14,15,PE,Santa Maria da Boa Vista,2612604,city,2,4.76974,0,0,0,0.0,41931,False,False
20,2020-05-14,17,PE,Santa Maria do Cambucá,2612703,city,2,14.14727,0,0,0,0.0,14137,False,False
20,2020-05-14,5,PE,São Benedito do Sul,2612901,city,1,6.29129,0,0,0,0.0,15895,False,False
20,2020-05-14,34,PE,São Bento do Una,2613008,city,17,28.56951,2,1,1,0.0588,59504,False,False
20,2020-05-14,35,PE,São Caitano,2613107,city,21,56.38341,0,0,0,0.0,37245,False,False
20,2020-05-14,15,PE,São João,2613206,city,2,8.77462,0,0,0,0.0,22793,False,False
20,2020-05-14,19,PE,São Joaquim do Monte,2613305,city,8,37.4602,0,1,0,0.125,21356,False,False
20,2020-05-14,33,PE,São José da Coroa Grande,2613404,city,22,103.29608,0,2,0,0.0909,21298,False,False
20,2020-05-14,17,PE,São José do Belmonte,2613503,city,1,2.94473,0,0,0,0.0,33959,False,False
20,2020-05-14,28,PE,São José do Egito,2613602,city,5,14.72711,0,0,0,0.0,33951,False,False
20,2020-05-14,48,PE,São Lourenço da Mata,2613701,city,278,245.51797,5,37,1,0.1331,113230,False,False
20,2020-05-14,28,PE,São Vicente Ferrer,2613800,city,5,27.75003,0,0,0,0.0,18018,False,False
20,2020-05-14,35,PE,Serra Talhada,2613909,city,23,26.63578,1,2,1,0.087,86350,False,False
20,2020-05-14,3,PE,Serrita,2614006,city,2,10.43569,1,1,0,0.5,19165,False,False
20,2020-05-14,34,PE,Sertânia,2614105,city,11,30.6347,-1,2,0,0.1818,35907,False,False
20,2020-05-14,26,PE,Sirinhaém,2614204,city,22,47.96686,2,2,0,0.0909,45865,False,False
20,2020-05-14,29,PE,Surubim,2614501,city,12,18.43629,0,3,0,0.25,65089,False,False
20,2020-05-14,24,PE,Tabira,2614600,city,4,14.01836,0,2,0,0.5,28534,False,False
20,2020-05-14,22,PE,Tamandaré,2614857,city,14,59.85976,1,1,0,0.0714,23388,False,False
20,2020-05-14,16,PE,Taquaritinga do Norte,2615003,city,2,6.95048,0,2,0,1.0,28775,False,False
20,2020-05-14,3,PE,Terezinha,2615102,city,3,41.84684,1,0,0,0.0,7169,False,False
20,2020-05-14,19,PE,Terra Nova,2615201,city,1,9.90491,0,1,0,1.0,10096,False,False
20,2020-05-14,38,PE,Timbaúba,2615300,city,29,54.69428,0,12,0,0.4138,53022,False,False
20,2020-05-14,34,PE,Toritama,2615409,city,2,4.42292,0,0,0,0.0,45219,False,False
20,2020-05-14,34,PE,Tracunhaém,2615508,city,3,21.78807,0,1,0,0.3333,13769,False,False
20,2020-05-14,21,PE,Trindade,2615607,city,12,39.31719,0,4,0,0.3333,30521,False,False
20,2020-05-14,30,PE,Triunfo,2615706,city,6,39.33395,0,1,0,0.1667,15254,False,False
20,2020-05-14,26,PE,Tupanatinga,2615805,city,5,18.31234,0,0,0,0.0,27304,False,False
20,2020-05-14,25,PE,Tuparetama,2615904,city,1,12.19215,0,0,0,0.0,8202,False,False
20,2020-05-14,19,PE,Venturosa,2616001,city,4,21.64268,0,1,0,0.25,18482,False,False
20,2020-05-14,3,PE,Vertente do Lério,2616183,city,1,13.1268,0,0,0,0.0,7618,False,False
20,2020-05-14,28,PE,Vertentes,2616209,city,7,33.76586,0,0,0,0.0,20731,False,False
20,2020-05-14,25,PE,Vicência,2616308,city,14,42.88821,1,1,1,0.0714,32643,False,False
20,2020-05-14,38,PE,Vitória de Santo Antão,2616407,city,205,147.74029,15,33,5,0.161,138757,False,False
20,2020-05-14,22,PE,Xexéu,2616506,city,4,27.16469,1,1,0,0.25,14725,False,False
20,2020-05-13,35,PE,Abreu e Lima,2600054,city,153,153.0153,9,13,2,0.085,99990,False,False
20,2020-05-13,15,PE,Afogados da Ingazeira,2600104,city,5,13.41958,0,0,0,0.0,37259,False,False
20,2020-05-13,15,PE,Afrânio,2600203,city,1,5.09295,0,0,0,0.0,19635,False,False
20,2020-05-13,20,PE,Agrestina,2600302,city,4,16.07394,0,3,0,0.75,24885,False,False
20,2020-05-13,18,PE,Água Preta,2600401,city,25,67.98836,4,5,0,0.2,36771,False,False
20,2020-05-13,12,PE,Águas Belas,2600500,city,20,46.03734,2,0,0,0.0,43443,False,False
20,2020-05-13,25,PE,Alagoinha,2600609,city,2,13.66494,0,0,0,0.0,14636,False,False
20,2020-05-13,43,PE,Aliança,2600708,city,25,65.12791,1,9,0,0.36,38386,False,False
20,2020-05-13,25,PE,Altinho,2600807,city,5,21.76563,0,0,0,0.0,22972,False,False
20,2020-05-13,28,PE,Amaraji,2600906,city,16,70.08629,0,4,0,0.25,22829,False,False
20,2020-05-13,31,PE,Araçoiaba,2601052,city,10,48.72345,0,2,0,0.2,20524,False,False
20,2020-05-13,11,PE,Araripina,2601102,city,15,17.76872,2,0,0,0.0,84418,False,False
20,2020-05-13,36,PE,Arcoverde,2601201,city,34,45.73704,0,7,0,0.2059,74338,False,False
20,2020-05-13,3,PE,Barra de Guabiraba,2601300,city,4,27.80674,1,1,0,0.25,14385,False,False
20,2020-05-13,13,PE,Barreiros,2601409,city,14,32.8184,1,1,0,0.0714,42659,False,False
20,2020-05-13,7,PE,Belém de Maria,2601508,city,0,,0,0,0,0.0,12073,False,False
20,2020-05-13,58,PE,Belo Jardim,2601706,city,14,18.31526,2,1,0,0.0714,76439,False,False
20,2020-05-13,19,PE,Betânia,2601805,city,4,31.44901,0,1,0,0.25,12719,False,False
20,2020-05-13,31,PE,Bezerros,2601904,city,17,27.96145,9,1,1,0.0588,60798,False,False
20,2020-05-13,3,PE,Bodocó,2602001,city,0,,0,0,0,0.0,38146,False,False
20,2020-05-13,34,PE,Bom Conselho,2602100,city,6,12.35738,0,1,0,0.1667,48554,False,False
20,2020-05-13,37,PE,Bom Jardim,2602209,city,17,43.38506,3,6,1,0.3529,39184,False,False
20,2020-05-13,26,PE,Bonito,2602308,city,10,26.22332,1,3,0,0.3,38134,False,False
20,2020-05-13,12,PE,Brejo da Madre de Deus,2602605,city,2,3.94151,0,0,0,0.0,50742,False,False
20,2020-05-13,11,PE,Buenos Aires,2602704,city,3,22.80502,0,1,0,0.3333,13155,False,False
20,2020-05-13,11,PE,Buíque,2602803,city,3,5.13892,0,0,0,0.0,58378,False,False
20,2020-05-13,41,PE,Cabo de Santo Agostinho,2602902,city,244,117.84707,6,42,2,0.1721,207048,False,False
20,2020-05-13,19,PE,Cabrobó,2603009,city,1,2.92218,0,0,0,0.0,34221,False,False
20,2020-05-13,38,PE,Cachoeirinha,2603108,city,13,63.78803,0,0,0,0.0,20380,False,False
20,2020-05-13,25,PE,Caetés,2603207,city,9,31.31633,0,0,0,0.0,28739,False,False
20,2020-05-13,48,PE,Camaragibe,2603454,city,463,293.35733,13,32,1,0.0691,157828,False,False
20,2020-05-13,21,PE,Camocim de São Félix,2603504,city,6,31.97442,1,0,0,0.0,18765,False,False
20,2020-05-13,5,PE,Camutanga,2603603,city,3,35.08362,0,1,0,0.3333,8551,False,False
20,2020-05-13,3,PE,Canhotinho,2603702,city,1,4.03161,0,0,0,0.0,24804,False,False
20,2020-05-13,35,PE,Capoeiras,2603801,city,3,14.96409,0,1,0,0.3333,20048,False,False
20,2020-05-13,30,PE,Carnaíba,2603900,city,5,25.57414,0,4,0,0.8,19551,False,False
20,2020-05-13,18,PE,Carnaubeira da Penha,2603926,city,2,15.46551,1,1,1,0.5,12932,False,False
20,2020-05-13,35,PE,Carpina,2604007,city,32,38.25875,0,8,0,0.25,83641,False,False
20,2020-05-13,52,PE,Caruaru,2604106,city,85,23.53801,9,10,0,0.1176,361118,False,False
20,2020-05-13,37,PE,Catende,2604205,city,13,30.30868,0,5,1,0.3846,42892,False,False
20,2020-05-13,18,PE,Cedro,2604304,city,1,8.46955,0,0,0,0.0,11807,False,False
20,2020-05-13,30,PE,Chã de Alegria,2604403,city,25,184.9386,0,1,0,0.04,13518,False,False
20,2020-05-13,32,PE,Chã Grande,2604502,city,37,170.52263,2,3,0,0.0811,21698,False,False
20,2020-05-13,21,PE,Condado,2604601,city,20,75.69736,0,2,0,0.1,26421,False,False
20,2020-05-13,20,PE,Correntes,2604700,city,2,10.98479,0,1,0,0.5,18207,False,False
20,2020-05-13,14,PE,Cortês,2604809,city,11,87.45429,3,1,0,0.0909,12578,False,False
20,2020-05-13,14,PE,Cumaru,2604908,city,10,91.69265,1,0,0,0.0,10906,False,False
20,2020-05-13,28,PE,Cupira,2605004,city,5,20.74086,0,1,0,0.2,24107,False,False
20,2020-05-13,25,PE,Custódia,2605103,city,17,45.80852,0,2,0,0.1176,37111,False,False
20,2020-05-13,28,PE,Escada,2605202,city,39,56.62432,3,5,1,0.1282,68875,False,False
20,2020-05-13,28,PE,Feira Nova,2605400,city,16,72.29678,1,5,0,0.3125,22131,False,False
20,2020-05-13,48,PE,Fernando de Noronha,2605459,city,28,914.73375,0,0,0,0.0,3061,False,False
20,2020-05-13,24,PE,Ferreiros,2605509,city,15,123.73175,3,4,0,0.2667,12123,False,False
20,2020-05-13,16,PE,Flores,2605608,city,0,,0,0,0,0.0,22624,False,False
20,2020-05-13,10,PE,Floresta,2605707,city,4,12.16804,0,2,0,0.5,32873,False,False
20,2020-05-13,35,PE,Frei Miguelinho,2605806,city,17,109.98253,1,3,0,0.1765,15457,False,False
20,2020-05-13,33,PE,Gameleira,2605905,city,8,25.76324,1,2,0,0.25,31052,False,False
20,2020-05-13,35,PE,Garanhuns,2606002,city,45,32.1916,1,4,0,0.0889,139788,False,False
20,2020-05-13,32,PE,Glória do Goitá,2606101,city,30,98.0264,3,10,0,0.3333,30604,False,False
20,2020-05-13,48,PE,Goiana,2606200,city,87,109.07997,6,11,1,0.1264,79758,False,False
20,2020-05-13,18,PE,Granito,2606309,city,1,13.35827,0,0,0,0.0,7486,False,False
20,2020-05-13,31,PE,Gravatá,2606408,city,31,36.87228,1,3,0,0.0968,84074,False,False
20,2020-05-13,20,PE,Ibimirim,2606606,city,10,34.20558,0,4,0,0.4,29235,False,False
20,2020-05-13,14,PE,Ibirajuba,2606705,city,1,12.88328,0,0,0,0.0,7762,False,False
20,2020-05-13,37,PE,Igarassu,2606804,city,149,127.32975,11,22,4,0.1477,117019,False,False
20,2020-05-13,18,PE,Iguaracy,2606903,city,3,24.53386,0,0,0,0.0,12228,False,False
20,2020-05-13,30,PE,Ilha de Itamaracá,2607604,city,26,99.01744,3,0,0,0.0,26258,False,False
20,2020-05-13,61,PE,Importados/Indefinidos,,city,26,,1,3,0,0.1154,,False,False
20,2020-05-13,23,PE,Inajá,2607000,city,1,4.30163,0,0,0,0.0,23247,False,False
20,2020-05-13,34,PE,Ipojuca,2607208,city,85,88.35391,6,8,1,0.0941,96204,False,False
20,2020-05-13,44,PE,Ipubi,2607307,city,10,32.41071,0,1,0,0.1,30854,False,False
20,2020-05-13,5,PE,Itaíba,2607505,city,1,3.79521,0,0,0,0.0,26349,False,False
20,2020-05-13,23,PE,Itambé,2607653,city,11,30.18081,4,1,0,0.0909,36447,False,False
20,2020-05-13,24,PE,Itapetim,2607703,city,3,22.0329,0,1,0,0.3333,13616,False,False
20,2020-05-13,32,PE,Itapissuma,2607752,city,29,108.81393,1,5,0,0.1724,26651,False,False
20,2020-05-13,19,PE,Itaquitinga,2607802,city,10,58.97965,0,3,1,0.3,16955,False,False
20,2020-05-13,58,PE,Jaboatão dos Guararapes,2607901,city,1387,197.49451,58,139,7,0.1002,702298,False,False
20,2020-05-13,17,PE,Jaqueira,2607950,city,11,94.372,0,2,0,0.1818,11656,False,False
20,2020-05-13,23,PE,Jataúba,2608008,city,9,52.47813,0,1,0,0.1111,17150,False,False
20,2020-05-13,25,PE,Jatobá,2608057,city,2,13.51717,0,0,0,0.0,14796,False,False
20,2020-05-13,35,PE,João Alfredo,2608107,city,17,50.26314,0,0,0,0.0,33822,False,False
20,2020-05-13,12,PE,Joaquim Nabuco,2608206,city,3,18.72309,0,1,0,0.3333,16023,False,False
20,2020-05-13,22,PE,Jucati,2608255,city,3,26.2605,0,0,0,0.0,11424,False,False
20,2020-05-13,25,PE,Jupi,2608305,city,2,13.48072,0,1,0,0.5,14836,False,False
20,2020-05-13,20,PE,Jurema,2608404,city,8,52.02237,3,0,0,0.0,15378,False,False
20,2020-05-13,27,PE,Lagoa de Itaenga,2608503,city,7,32.66601,0,2,0,0.2857,21429,False,False
20,2020-05-13,38,PE,Lagoa do Carro,2608453,city,22,121.74202,0,2,0,0.0909,18071,False,False
20,2020-05-13,18,PE,Lagoa do Ouro,2608602,city,1,7.60746,0,0,0,0.0,13145,False,False
20,2020-05-13,31,PE,Lagoa dos Gatos,2608701,city,3,18.41621,0,2,0,0.6667,16290,False,False
20,2020-05-13,18,PE,Lajedo,2608800,city,5,12.41064,2,1,0,0.2,40288,False,False
20,2020-05-13,35,PE,Limoeiro,2608909,city,32,56.88889,0,8,0,0.25,56250,False,False
20,2020-05-13,37,PE,Macaparana,2609006,city,9,35.46658,0,2,0,0.2222,25376,False,False
20,2020-05-13,32,PE,Machados,2609105,city,7,43.51069,1,1,0,0.1429,16088,False,False
20,2020-05-13,7,PE,Maraial,2609204,city,1,8.81446,0,1,0,1.0,11345,False,False
20,2020-05-13,37,PE,Moreno,2609402,city,70,111.49337,6,5,0,0.0714,62784,False,False
20,2020-05-13,22,PE,Nazaré da Mata,2609501,city,20,61.59342,0,3,0,0.15,32471,False,False
20,2020-05-13,53,PE,Olinda,2609600,city,1341,341.67172,41,95,2,0.0708,392482,False,False
20,2020-05-13,18,PE,Orobó,2609709,city,2,8.37381,0,0,0,0.0,23884,False,False
20,2020-05-13,22,PE,Orocó,2609808,city,1,6.67067,0,0,0,0.0,14991,False,False
20,2020-05-13,18,PE,Ouricuri,2609907,city,9,12.95728,0,1,0,0.1111,69459,False,False
20,2020-05-13,45,PE,Palmares,2610004,city,32,50.59289,1,6,0,0.1875,63250,False,False
20,2020-05-13,22,PE,Panelas,2610202,city,6,22.66375,0,1,0,0.1667,26474,False,False
20,2020-05-13,1,PE,Paranatama,2610301,city,1,8.6783,1,0,0,0.0,11523,False,False
20,2020-05-13,36,PE,Passira,2610509,city,24,82.95026,0,1,0,0.0417,28933,False,False
20,2020-05-13,38,PE,Paudalho,2610608,city,69,122.11093,0,10,0,0.1449,56506,False,False
20,2020-05-13,41,PE,Paulista,2610707,city,949,286.03809,28,64,2,0.0674,331774,False,False
20,2020-05-13,25,PE,Pedra,2610806,city,12,53.05743,0,0,0,0.0,22617,False,False
20,2020-05-13,27,PE,Pesqueira,2610905,city,11,16.32169,0,0,0,0.0,67395,False,False
20,2020-05-13,16,PE,Petrolândia,2611002,city,3,8.20838,0,0,0,0.0,36548,False,False
20,2020-05-13,52,PE,Petrolina,2611101,city,68,19.47615,0,2,0,0.0294,349145,False,False
20,2020-05-13,25,PE,Poção,2611200,city,3,26.54397,0,0,0,0.0,11302,False,False
20,2020-05-13,35,PE,Pombos,2611309,city,73,269.46218,3,6,0,0.0822,27091,False,False
20,2020-05-13,17,PE,Primavera,2611408,city,12,80.18175,1,0,0,0.0,14966,False,False
20,2020-05-13,33,PE,Quipapá,2611507,city,1,3.84069,0,0,0,0.0,26037,False,False
20,2020-05-13,22,PE,Quixaba,2611533,city,4,58.71129,0,2,0,0.5,6813,False,False
20,2020-05-13,63,PE,Recife,2611606,city,7757,471.34184,280,479,29,0.0618,1645727,False,False
20,2020-05-13,29,PE,Ribeirão,2611804,city,18,37.96267,-1,4,-1,0.2222,47415,False,False
20,2020-05-13,27,PE,Rio Formoso,2611903,city,12,50.98789,2,3,1,0.25,23535,False,False
20,2020-05-13,14,PE,Sairé,2612000,city,1,10.06847,0,1,0,1.0,9932,False,False
20,2020-05-13,37,PE,Salgueiro,2612208,city,32,52.51928,0,4,0,0.125,60930,False,False
20,2020-05-13,3,PE,Saloá,2612307,city,1,6.31194,0,1,1,1.0,15843,False,False
20,2020-05-13,27,PE,Sanharó,2612406,city,3,11.33701,1,0,0,0.0,26462,False,False
20,2020-05-13,7,PE,Santa Cruz,2612455,city,1,6.49435,0,0,0,0.0,15398,False,False
20,2020-05-13,33,PE,Santa Cruz do Capibaribe,2612505,city,11,10.19113,0,0,0,0.0,107937,False,False
20,2020-05-13,14,PE,Santa Maria da Boa Vista,2612604,city,2,4.76974,0,0,0,0.0,41931,False,False
20,2020-05-13,16,PE,Santa Maria do Cambucá,2612703,city,2,14.14727,0,0,0,0.0,14137,False,False
20,2020-05-13,4,PE,São Benedito do Sul,2612901,city,1,6.29129,0,0,0,0.0,15895,False,False
20,2020-05-13,33,PE,São Bento do Una,2613008,city,15,25.20839,7,0,0,0.0,59504,False,False
20,2020-05-13,34,PE,São Caitano,2613107,city,21,56.38341,1,0,0,0.0,37245,False,False
20,2020-05-13,14,PE,São João,2613206,city,2,8.77462,0,0,0,0.0,22793,False,False
20,2020-05-13,18,PE,São Joaquim do Monte,2613305,city,8,37.4602,4,1,1,0.125,21356,False,False
20,2020-05-13,32,PE,São José da Coroa Grande,2613404,city,22,103.29608,1,2,0,0.0909,21298,False,False
20,2020-05-13,16,PE,São José do Belmonte,2613503,city,1,2.94473,0,0,0,0.0,33959,False,False
20,2020-05-13,27,PE,São José do Egito,2613602,city,5,14.72711,0,0,0,0.0,33951,False,False
20,2020-05-13,47,PE,São Lourenço da Mata,2613701,city,273,241.10218,15,36,2,0.1319,113230,False,False
20,2020-05-13,27,PE,São Vicente Ferrer,2613800,city,5,27.75003,0,0,0,0.0,18018,False,False
20,2020-05-13,34,PE,Serra Talhada,2613909,city,22,25.47771,2,1,0,0.0455,86350,False,False
20,2020-05-13,2,PE,Serrita,2614006,city,1,5.21785,0,1,0,1.0,19165,False,False
20,2020-05-13,33,PE,Sertânia,2614105,city,12,33.41967,0,2,0,0.1667,35907,False,False
20,2020-05-13,25,PE,Sirinhaém,2614204,city,20,43.60624,2,2,0,0.1,45865,False,False
20,2020-05-13,28,PE,Surubim,2614501,city,12,18.43629,1,3,0,0.25,65089,False,False
20,2020-05-13,23,PE,Tabira,2614600,city,4,14.01836,0,2,0,0.5,28534,False,False
20,2020-05-13,21,PE,Tamandaré,2614857,city,13,55.58406,0,1,0,0.0769,23388,False,False
20,2020-05-13,15,PE,Taquaritinga do Norte,2615003,city,2,6.95048,0,2,0,1.0,28775,False,False
20,2020-05-13,2,PE,Terezinha,2615102,city,2,27.89789,1,0,0,0.0,7169,False,False
20,2020-05-13,18,PE,Terra Nova,2615201,city,1,9.90491,0,1,0,1.0,10096,False,False
20,2020-05-13,37,PE,Timbaúba,2615300,city,29,54.69428,2,12,5,0.4138,53022,False,False
20,2020-05-13,33,PE,Toritama,2615409,city,2,4.42292,0,0,0,0.0,45219,False,False
20,2020-05-13,33,PE,Tracunhaém,2615508,city,3,21.78807,0,1,0,0.3333,13769,False,False
20,2020-05-13,20,PE,Trindade,2615607,city,12,39.31719,0,4,1,0.3333,30521,False,False
20,2020-05-13,29,PE,Triunfo,2615706,city,6,39.33395,0,1,0,0.1667,15254,False,False
20,2020-05-13,25,PE,Tupanatinga,2615805,city,5,18.31234,0,0,0,0.0,27304,False,False
20,2020-05-13,24,PE,Tuparetama,2615904,city,1,12.19215,0,0,0,0.0,8202,False,False
20,2020-05-13,18,PE,Venturosa,2616001,city,4,21.64268,0,1,0,0.25,18482,False,False
20,2020-05-13,2,PE,Vertente do Lério,2616183,city,1,13.1268,0,0,0,0.0,7618,False,False
20,2020-05-13,27,PE,Vertentes,2616209,city,7,33.76586,0,0,0,0.0,20731,False,False
20,2020-05-13,24,PE,Vicência,2616308,city,13,39.82477,1,0,0,0.0,32643,False,False
20,2020-05-13,37,PE,Vitória de Santo Antão,2616407,city,190,136.93003,11,28,0,0.1474,138757,False,False
20,2020-05-13,21,PE,Xexéu,2616506,city,3,20.37351,0,1,0,0.3333,14725,False,False
20,2020-05-12,34,PE,Abreu e Lima,2600054,city,144,144.0144,8,11,3,0.0764,99990,False,False
20,2020-05-12,14,PE,Afogados da Ingazeira,2600104,city,5,13.41958,1,0,0,0.0,37259,False,False
20,2020-05-12,14,PE,Afrânio,2600203,city,1,5.09295,0,0,0,0.0,19635,False,False
20,2020-05-12,19,PE,Agrestina,2600302,city,4,16.07394,0,3,0,0.75,24885,False,False
20,2020-05-12,17,PE,Água Preta,2600401,city,21,57.11022,0,5,0,0.2381,36771,False,False
20,2020-05-12,11,PE,Águas Belas,2600500,city,18,41.4336,3,0,0,0.0,43443,False,False
20,2020-05-12,24,PE,Alagoinha,2600609,city,2,13.66494,0,0,0,0.0,14636,False,False
20,2020-05-12,42,PE,Aliança,2600708,city,24,62.52279,0,9,0,0.375,38386,False,False
20,2020-05-12,24,PE,Altinho,2600807,city,5,21.76563,0,0,0,0.0,22972,False,False
20,2020-05-12,27,PE,Amaraji,2600906,city,16,70.08629,1,4,0,0.25,22829,False,False
20,2020-05-12,30,PE,Araçoiaba,2601052,city,10,48.72345,0,2,0,0.2,20524,False,False
20,2020-05-12,10,PE,Araripina,2601102,city,13,15.39956,1,0,0,0.0,84418,False,False
20,2020-05-12,35,PE,Arcoverde,2601201,city,34,45.73704,0,7,0,0.2059,74338,False,False
20,2020-05-12,2,PE,Barra de Guabiraba,2601300,city,3,20.85506,0,1,0,0.3333,14385,False,False
20,2020-05-12,12,PE,Barreiros,2601409,city,13,30.47423,0,1,0,0.0769,42659,False,False
20,2020-05-12,6,PE,Belém de Maria,2601508,city,0,,0,0,0,0.0,12073,False,False
20,2020-05-12,57,PE,Belo Jardim,2601706,city,12,15.69879,1,1,0,0.0833,76439,False,False
20,2020-05-12,18,PE,Betânia,2601805,city,4,31.44901,0,1,0,0.25,12719,False,False
20,2020-05-12,30,PE,Bezerros,2601904,city,8,13.15833,1,0,0,0.0,60798,False,False
20,2020-05-12,2,PE,Bodocó,2602001,city,0,,-1,0,0,0.0,38146,False,False
20,2020-05-12,33,PE,Bom Conselho,2602100,city,6,12.35738,0,1,0,0.1667,48554,False,False
20,2020-05-12,36,PE,Bom Jardim,2602209,city,14,35.72887,0,5,0,0.3571,39184,False,False
20,2020-05-12,25,PE,Bonito,2602308,city,9,23.60099,0,3,0,0.3333,38134,False,False
20,2020-05-12,11,PE,Brejo da Madre de Deus,2602605,city,2,3.94151,0,0,0,0.0,50742,False,False
20,2020-05-12,10,PE,Buenos Aires,2602704,city,3,22.80502,0,1,0,0.3333,13155,False,False
20,2020-05-12,10,PE,Buíque,2602803,city,3,5.13892,0,0,0,0.0,58378,False,False
20,2020-05-12,40,PE,Cabo de Santo Agostinho,2602902,city,238,114.94919,8,40,0,0.1681,207048,False,False
20,2020-05-12,18,PE,Cabrobó,2603009,city,1,2.92218,0,0,0,0.0,34221,False,False
20,2020-05-12,37,PE,Cachoeirinha,2603108,city,13,63.78803,0,0,0,0.0,20380,False,False
20,2020-05-12,24,PE,Caetés,2603207,city,9,31.31633,0,0,0,0.0,28739,False,False
20,2020-05-12,47,PE,Camaragibe,2603454,city,450,285.12051,19,31,2,0.0689,157828,False,False
20,2020-05-12,20,PE,Camocim de São Félix,2603504,city,5,26.64535,0,0,0,0.0,18765,False,False
20,2020-05-12,4,PE,Camutanga,2603603,city,3,35.08362,0,1,0,0.3333,8551,False,False
20,2020-05-12,2,PE,Canhotinho,2603702,city,1,4.03161,0,0,0,0.0,24804,False,False
20,2020-05-12,34,PE,Capoeiras,2603801,city,3,14.96409,0,1,0,0.3333,20048,False,False
20,2020-05-12,29,PE,Carnaíba,2603900,city,5,25.57414,1,4,1,0.8,19551,False,False
20,2020-05-12,17,PE,Carnaubeira da Penha,2603926,city,1,7.73276,0,0,0,0.0,12932,False,False
20,2020-05-12,34,PE,Carpina,2604007,city,32,38.25875,1,8,4,0.25,83641,False,False
20,2020-05-12,51,PE,Caruaru,2604106,city,76,21.04575,4,10,2,0.1316,361118,False,False
20,2020-05-12,36,PE,Catende,2604205,city,13,30.30868,1,4,0,0.3077,42892,False,False
20,2020-05-12,17,PE,Cedro,2604304,city,1,8.46955,0,0,0,0.0,11807,False,False
20,2020-05-12,29,PE,Chã de Alegria,2604403,city,25,184.9386,0,1,0,0.04,13518,False,False
20,2020-05-12,31,PE,Chã Grande,2604502,city,35,161.30519,0,3,0,0.0857,21698,False,False
20,2020-05-12,20,PE,Condado,2604601,city,20,75.69736,0,2,0,0.1,26421,False,False
20,2020-05-12,19,PE,Correntes,2604700,city,2,10.98479,0,1,0,0.5,18207,False,False
20,2020-05-12,13,PE,Cortês,2604809,city,8,63.60312,3,1,0,0.125,12578,False,False
20,2020-05-12,13,PE,Cumaru,2604908,city,9,82.52338,0,0,0,0.0,10906,False,False
20,2020-05-12,27,PE,Cupira,2605004,city,5,20.74086,0,1,0,0.2,24107,False,False
20,2020-05-12,24,PE,Custódia,2605103,city,17,45.80852,0,2,0,0.1176,37111,False,False
20,2020-05-12,27,PE,Escada,2605202,city,36,52.2686,4,4,0,0.1111,68875,False,False
20,2020-05-12,27,PE,Feira Nova,2605400,city,15,67.77823,1,5,1,0.3333,22131,False,False
20,2020-05-12,47,PE,Fernando de Noronha,2605459,city,28,914.73375,0,0,0,0.0,3061,False,False
20,2020-05-12,23,PE,Ferreiros,2605509,city,12,98.9854,2,4,2,0.3333,12123,False,False
20,2020-05-12,15,PE,Flores,2605608,city,0,,0,0,0,0.0,22624,False,False
20,2020-05-12,9,PE,Floresta,2605707,city,4,12.16804,0,2,0,0.5,32873,False,False
20,2020-05-12,34,PE,Frei Miguelinho,2605806,city,16,103.51297,0,3,0,0.1875,15457,False,False
20,2020-05-12,32,PE,Gameleira,2605905,city,7,22.54283,3,2,0,0.2857,31052,False,False
20,2020-05-12,34,PE,Garanhuns,2606002,city,44,31.47624,0,4,0,0.0909,139788,False,False
20,2020-05-12,31,PE,Glória do Goitá,2606101,city,27,88.22376,0,10,0,0.3704,30604,False,False
20,2020-05-12,47,PE,Goiana,2606200,city,81,101.55721,4,10,1,0.1235,79758,False,False
20,2020-05-12,17,PE,Granito,2606309,city,1,13.35827,0,0,0,0.0,7486,False,False
20,2020-05-12,30,PE,Gravatá,2606408,city,30,35.68285,1,3,0,0.1,84074,False,False
20,2020-05-12,19,PE,Ibimirim,2606606,city,10,34.20558,0,4,0,0.4,29235,False,False
20,2020-05-12,13,PE,Ibirajuba,2606705,city,1,12.88328,0,0,0,0.0,7762,False,False
20,2020-05-12,36,PE,Igarassu,2606804,city,138,117.92957,5,18,0,0.1304,117019,False,False
20,2020-05-12,17,PE,Iguaracy,2606903,city,3,24.53386,0,0,0,0.0,12228,False,False
20,2020-05-12,29,PE,Ilha de Itamaracá,2607604,city,23,87.59235,2,0,0,0.0,26258,False,False
20,2020-05-12,60,PE,Importados/Indefinidos,,city,25,,1,3,0,0.12,,False,False
20,2020-05-12,22,PE,Inajá,2607000,city,1,4.30163,0,0,0,0.0,23247,False,False
20,2020-05-12,33,PE,Ipojuca,2607208,city,79,82.11717,5,7,0,0.0886,96204,False,False
20,2020-05-12,43,PE,Ipubi,2607307,city,10,32.41071,0,1,0,0.1,30854,False,False
20,2020-05-12,4,PE,Itaíba,2607505,city,1,3.79521,0,0,0,0.0,26349,False,False
20,2020-05-12,22,PE,Itambé,2607653,city,7,19.20597,1,1,0,0.1429,36447,False,False
20,2020-05-12,23,PE,Itapetim,2607703,city,3,22.0329,0,1,0,0.3333,13616,False,False
20,2020-05-12,31,PE,Itapissuma,2607752,city,28,105.06172,2,5,0,0.1786,26651,False,False
20,2020-05-12,18,PE,Itaquitinga,2607802,city,10,58.97965,0,2,0,0.2,16955,False,False
20,2020-05-12,57,PE,Jaboatão dos Guararapes,2607901,city,1329,189.23591,55,132,13,0.0993,702298,False,False
20,2020-05-12,16,PE,Jaqueira,2607950,city,11,94.372,3,2,0,0.1818,11656,False,False
20,2020-05-12,22,PE,Jataúba,2608008,city,9,52.47813,0,1,0,0.1111,17150,False,False
20,2020-05-12,24,PE,Jatobá,2608057,city,2,13.51717,0,0,0,0.0,14796,False,False
20,2020-05-12,34,PE,João Alfredo,2608107,city,17,50.26314,6,0,0,0.0,33822,False,False
20,2020-05-12,11,PE,Joaquim Nabuco,2608206,city,3,18.72309,0,1,0,0.3333,16023,False,False
20,2020-05-12,21,PE,Jucati,2608255,city,3,26.2605,0,0,0,0.0,11424,False,False
20,2020-05-12,24,PE,Jupi,2608305,city,2,13.48072,0,1,0,0.5,14836,False,False
20,2020-05-12,19,PE,Jurema,2608404,city,5,32.51398,0,0,0,0.0,15378,False,False
20,2020-05-12,26,PE,Lagoa de Itaenga,2608503,city,7,32.66601,0,2,0,0.2857,21429,False,False
20,2020-05-12,37,PE,Lagoa do Carro,2608453,city,22,121.74202,1,2,0,0.0909,18071,False,False
20,2020-05-12,17,PE,Lagoa do Ouro,2608602,city,1,7.60746,0,0,0,0.0,13145,False,False
20,2020-05-12,30,PE,Lagoa dos Gatos,2608701,city,3,18.41621,0,2,0,0.6667,16290,False,False
20,2020-05-12,17,PE,Lajedo,2608800,city,3,7.44639,0,1,0,0.3333,40288,False,False
20,2020-05-12,34,PE,Limoeiro,2608909,city,32,56.88889,2,8,1,0.25,56250,False,False
20,2020-05-12,36,PE,Macaparana,2609006,city,9,35.46658,2,2,0,0.2222,25376,False,False
20,2020-05-12,31,PE,Machados,2609105,city,6,37.29488,1,1,0,0.1667,16088,False,False
20,2020-05-12,6,PE,Maraial,2609204,city,1,8.81446,0,1,0,1.0,11345,False,False
20,2020-05-12,36,PE,Moreno,2609402,city,64,101.9368,4,5,0,0.0781,62784,False,False
20,2020-05-12,21,PE,Nazaré da Mata,2609501,city,20,61.59342,2,3,0,0.15,32471,False,False
20,2020-05-12,52,PE,Olinda,2609600,city,1300,331.22538,47,93,2,0.0715,392482,False,False
20,2020-05-12,17,PE,Orobó,2609709,city,2,8.37381,0,0,0,0.0,23884,False,False
20,2020-05-12,21,PE,Orocó,2609808,city,1,6.67067,0,0,0,0.0,14991,False,False
20,2020-05-12,17,PE,Ouricuri,2609907,city,9,12.95728,0,1,0,0.1111,69459,False,False
20,2020-05-12,44,PE,Palmares,2610004,city,31,49.01186,0,6,2,0.1935,63250,False,False
20,2020-05-12,21,PE,Panelas,2610202,city,6,22.66375,1,1,0,0.1667,26474,False,False
20,2020-05-12,35,PE,Passira,2610509,city,24,82.95026,1,1,1,0.0417,28933,False,False
20,2020-05-12,37,PE,Paudalho,2610608,city,69,122.11093,2,10,1,0.1449,56506,False,False
20,2020-05-12,40,PE,Paulista,2610707,city,921,277.59861,31,62,5,0.0673,331774,False,False
20,2020-05-12,24,PE,Pedra,2610806,city,12,53.05743,0,0,0,0.0,22617,False,False
20,2020-05-12,26,PE,Pesqueira,2610905,city,11,16.32169,0,0,0,0.0,67395,False,False
20,2020-05-12,15,PE,Petrolândia,2611002,city,3,8.20838,0,0,0,0.0,36548,False,False
20,2020-05-12,51,PE,Petrolina,2611101,city,68,19.47615,1,2,1,0.0294,349145,False,False
20,2020-05-12,24,PE,Poção,2611200,city,3,26.54397,0,0,0,0.0,11302,False,False
20,2020-05-12,34,PE,Pombos,2611309,city,70,258.38839,6,6,0,0.0857,27091,False,False
20,2020-05-12,16,PE,Primavera,2611408,city,11,73.49993,0,0,0,0.0,14966,False,False
20,2020-05-12,32,PE,Quipapá,2611507,city,1,3.84069,0,0,0,0.0,26037,False,False
20,2020-05-12,21,PE,Quixaba,2611533,city,4,58.71129,0,2,0,0.5,6813,False,False
20,2020-05-12,62,PE,Recife,2611606,city,7477,454.32809,253,450,25,0.0602,1645727,False,False
20,2020-05-12,28,PE,Ribeirão,2611804,city,19,40.07171,1,5,0,0.2632,47415,False,False
20,2020-05-12,26,PE,Rio Formoso,2611903,city,10,42.48991,3,2,0,0.2,23535,False,False
20,2020-05-12,13,PE,Sairé,2612000,city,1,10.06847,0,1,0,1.0,9932,False,False
20,2020-05-12,36,PE,Salgueiro,2612208,city,32,52.51928,5,4,0,0.125,60930,False,False
20,2020-05-12,2,PE,Saloá,2612307,city,1,6.31194,0,0,0,0.0,15843,False,False
20,2020-05-12,26,PE,Sanharó,2612406,city,2,7.55801,0,0,0,0.0,26462,False,False
20,2020-05-12,6,PE,Santa Cruz,2612455,city,1,6.49435,0,0,0,0.0,15398,False,False
20,2020-05-12,32,PE,Santa Cruz do Capibaribe,2612505,city,11,10.19113,0,0,0,0.0,107937,False,False
20,2020-05-12,13,PE,Santa Maria da Boa Vista,2612604,city,2,4.76974,0,0,0,0.0,41931,False,False
20,2020-05-12,15,PE,Santa Maria do Cambucá,2612703,city,2,14.14727,0,0,0,0.0,14137,False,False
20,2020-05-12,3,PE,São Benedito do Sul,2612901,city,1,6.29129,0,0,0,0.0,15895,False,False
20,2020-05-12,32,PE,São Bento do Una,2613008,city,8,13.44447,1,0,0,0.0,59504,False,False
20,2020-05-12,33,PE,São Caitano,2613107,city,20,53.69848,0,0,0,0.0,37245,False,False
20,2020-05-12,13,PE,São João,2613206,city,2,8.77462,0,0,0,0.0,22793,False,False
20,2020-05-12,17,PE,São Joaquim do Monte,2613305,city,4,18.7301,1,0,0,0.0,21356,False,False
20,2020-05-12,31,PE,São José da Coroa Grande,2613404,city,21,98.60081,0,2,0,0.0952,21298,False,False
20,2020-05-12,15,PE,São José do Belmonte,2613503,city,1,2.94473,0,0,0,0.0,33959,False,False
20,2020-05-12,26,PE,São José do Egito,2613602,city,5,14.72711,0,0,0,0.0,33951,False,False
20,2020-05-12,46,PE,São Lourenço da Mata,2613701,city,258,227.85481,9,34,1,0.1318,113230,False,False
20,2020-05-12,26,PE,São Vicente Ferrer,2613800,city,5,27.75003,1,0,0,0.0,18018,False,False
20,2020-05-12,33,PE,Serra Talhada,2613909,city,20,23.16155,1,1,1,0.05,86350,False,False
20,2020-05-12,1,PE,Serrita,2614006,city,1,5.21785,1,1,1,1.0,19165,False,False
20,2020-05-12,32,PE,Sertânia,2614105,city,12,33.41967,0,2,0,0.1667,35907,False,False
20,2020-05-12,24,PE,Sirinhaém,2614204,city,18,39.24561,1,2,0,0.1111,45865,False,False
20,2020-05-12,27,PE,Surubim,2614501,city,11,16.89994,0,3,0,0.2727,65089,False,False
20,2020-05-12,22,PE,Tabira,2614600,city,4,14.01836,0,2,0,0.5,28534,False,False
20,2020-05-12,20,PE,Tamandaré,2614857,city,13,55.58406,3,1,0,0.0769,23388,False,False
20,2020-05-12,14,PE,Taquaritinga do Norte,2615003,city,2,6.95048,0,2,0,1.0,28775,False,False
20,2020-05-12,1,PE,Terezinha,2615102,city,1,13.94895,1,0,0,0.0,7169,False,False
20,2020-05-12,17,PE,Terra Nova,2615201,city,1,9.90491,0,1,0,1.0,10096,False,False
20,2020-05-12,36,PE,Timbaúba,2615300,city,27,50.92226,-1,7,-1,0.2593,53022,False,False
20,2020-05-12,32,PE,Toritama,2615409,city,2,4.42292,0,0,0,0.0,45219,False,False
20,2020-05-12,32,PE,Tracunhaém,2615508,city,3,21.78807,0,1,0,0.3333,13769,False,False
20,2020-05-12,19,PE,Trindade,2615607,city,12,39.31719,2,3,0,0.25,30521,False,False
20,2020-05-12,28,PE,Triunfo,2615706,city,6,39.33395,0,1,0,0.1667,15254,False,False
20,2020-05-12,24,PE,Tupanatinga,2615805,city,5,18.31234,0,0,0,0.0,27304,False,False
20,2020-05-12,23,PE,Tuparetama,2615904,city,1,12.19215,0,0,0,0.0,8202,False,False
20,2020-05-12,17,PE,Venturosa,2616001,city,4,21.64268,0,1,0,0.25,18482,False,False
20,2020-05-12,1,PE,Vertente do Lério,2616183,city,1,13.1268,1,0,0,0.0,7618,False,False
20,2020-05-12,26,PE,Vertentes,2616209,city,7,33.76586,3,0,0,0.0,20731,False,False
20,2020-05-12,23,PE,Vicência,2616308,city,12,36.76133,1,0,0,0.0,32643,False,False
20,2020-05-12,36,PE,Vitória de Santo Antão,2616407,city,179,129.0025,6,28,1,0.1564,138757,False,False
20,2020-05-12,20,PE,Xexéu,2616506,city,3,20.37351,0,1,0,0.3333,14725,False,False
20,2020-05-11,33,PE,Abreu e Lima,2600054,city,136,136.0136,5,8,1,0.0588,99990,False,False
20,2020-05-11,13,PE,Afogados da Ingazeira,2600104,city,4,10.73566,0,0,0,0.0,37259,False,False
20,2020-05-11,13,PE,Afrânio,2600203,city,1,5.09295,0,0,0,0.0,19635,False,False
20,2020-05-11,18,PE,Agrestina,2600302,city,4,16.07394,1,3,1,0.75,24885,False,False
20,2020-05-11,16,PE,Água Preta,2600401,city,21,57.11022,3,5,0,0.2381,36771,False,False
20,2020-05-11,10,PE,Águas Belas,2600500,city,15,34.528,0,0,0,0.0,43443,False,False
20,2020-05-11,23,PE,Alagoinha,2600609,city,2,13.66494,0,0,0,0.0,14636,False,False
20,2020-05-11,41,PE,Aliança,2600708,city,24,62.52279,0,9,0,0.375,38386,False,False
20,2020-05-11,23,PE,Altinho,2600807,city,5,21.76563,0,0,0,0.0,22972,False,False
20,2020-05-11,26,PE,Amaraji,2600906,city,15,65.7059,4,4,1,0.2667,22829,False,False
20,2020-05-11,29,PE,Araçoiaba,2601052,city,10,48.72345,0,2,0,0.2,20524,False,False
20,2020-05-11,9,PE,Araripina,2601102,city,12,14.21498,4,0,0,0.0,84418,False,False
20,2020-05-11,34,PE,Arcoverde,2601201,city,34,45.73704,0,7,0,0.2059,74338,False,False
20,2020-05-11,1,PE,Barra de Guabiraba,2601300,city,3,20.85506,3,1,1,0.3333,14385,False,False
20,2020-05-11,11,PE,Barreiros,2601409,city,13,30.47423,2,1,0,0.0769,42659,False,False
20,2020-05-11,5,PE,Belém de Maria,2601508,city,0,,0,0,0,0.0,12073,False,False
20,2020-05-11,56,PE,Belo Jardim,2601706,city,11,14.39056,1,1,0,0.0909,76439,False,False
20,2020-05-11,17,PE,Betânia,2601805,city,4,31.44901,0,1,0,0.25,12719,False,False
20,2020-05-11,29,PE,Bezerros,2601904,city,7,11.51354,2,0,0,0.0,60798,False,False
20,2020-05-11,1,PE,Bodocó,2602001,city,1,2.62151,1,0,0,0.0,38146,False,False
20,2020-05-11,32,PE,Bom Conselho,2602100,city,6,12.35738,3,1,0,0.1667,48554,False,False
20,2020-05-11,35,PE,Bom Jardim,2602209,city,14,35.72887,1,5,0,0.3571,39184,False,False
20,2020-05-11,24,PE,Bonito,2602308,city,9,23.60099,2,3,0,0.3333,38134,False,False
20,2020-05-11,10,PE,Brejo da Madre de Deus,2602605,city,2,3.94151,1,0,0,0.0,50742,False,False
20,2020-05-11,9,PE,Buenos Aires,2602704,city,3,22.80502,0,1,0,0.3333,13155,False,False
20,2020-05-11,9,PE,Buíque,2602803,city,3,5.13892,0,0,0,0.0,58378,False,False
20,2020-05-11,39,PE,Cabo de Santo Agostinho,2602902,city,230,111.08535,9,40,3,0.1739,207048,False,False
20,2020-05-11,17,PE,Cabrobó,2603009,city,1,2.92218,0,0,0,0.0,34221,False,False
20,2020-05-11,36,PE,Cachoeirinha,2603108,city,13,63.78803,4,0,0,0.0,20380,False,False
20,2020-05-11,23,PE,Caetés,2603207,city,9,31.31633,0,0,0,0.0,28739,False,False
20,2020-05-11,46,PE,Camaragibe,2603454,city,431,273.08209,11,29,1,0.0673,157828,False,False
20,2020-05-11,19,PE,Camocim de São Félix,2603504,city,5,26.64535,0,0,0,0.0,18765,False,False
20,2020-05-11,3,PE,Camutanga,2603603,city,3,35.08362,0,1,0,0.3333,8551,False,False
20,2020-05-11,1,PE,Canhotinho,2603702,city,1,4.03161,1,0,0,0.0,24804,False,False
20,2020-05-11,33,PE,Capoeiras,2603801,city,3,14.96409,0,1,0,0.3333,20048,False,False
20,2020-05-11,28,PE,Carnaíba,2603900,city,4,20.45931,0,3,0,0.75,19551,False,False
20,2020-05-11,16,PE,Carnaubeira da Penha,2603926,city,1,7.73276,0,0,0,0.0,12932,False,False
20,2020-05-11,33,PE,Carpina,2604007,city,31,37.06316,0,4,0,0.129,83641,False,False
20,2020-05-11,50,PE,Caruaru,2604106,city,72,19.93808,2,8,0,0.1111,361118,False,False
20,2020-05-11,35,PE,Catende,2604205,city,12,27.97725,1,4,0,0.3333,42892,False,False
20,2020-05-11,16,PE,Cedro,2604304,city,1,8.46955,0,0,0,0.0,11807,False,False
20,2020-05-11,28,PE,Chã de Alegria,2604403,city,25,184.9386,0,1,0,0.04,13518,False,False
20,2020-05-11,30,PE,Chã Grande,2604502,city,35,161.30519,0,3,0,0.0857,21698,False,False
20,2020-05-11,19,PE,Condado,2604601,city,20,75.69736,1,2,0,0.1,26421,False,False
20,2020-05-11,18,PE,Correntes,2604700,city,2,10.98479,0,1,0,0.5,18207,False,False
20,2020-05-11,12,PE,Cortês,2604809,city,5,39.75195,0,1,0,0.2,12578,False,False
20,2020-05-11,12,PE,Cumaru,2604908,city,9,82.52338,0,0,0,0.0,10906,False,False
20,2020-05-11,26,PE,Cupira,2605004,city,5,20.74086,0,1,0,0.2,24107,False,False
20,2020-05-11,23,PE,Custódia,2605103,city,17,45.80852,0,2,0,0.1176,37111,False,False
20,2020-05-11,26,PE,Escada,2605202,city,32,46.46098,5,4,2,0.125,68875,False,False
20,2020-05-11,26,PE,Feira Nova,2605400,city,14,63.25968,2,4,1,0.2857,22131,False,False
20,2020-05-11,46,PE,Fernando de Noronha,2605459,city,28,914.73375,0,0,0,0.0,3061,False,False
20,2020-05-11,22,PE,Ferreiros,2605509,city,10,82.48783,0,2,0,0.2,12123,False,False
20,2020-05-11,14,PE,Flores,2605608,city,0,,0,0,0,0.0,22624,False,False
20,2020-05-11,8,PE,Floresta,2605707,city,4,12.16804,0,2,0,0.5,32873,False,False
20,2020-05-11,33,PE,Frei Miguelinho,2605806,city,16,103.51297,0,3,0,0.1875,15457,False,False
20,2020-05-11,31,PE,Gameleira,2605905,city,4,12.88162,0,2,0,0.5,31052,False,False
20,2020-05-11,33,PE,Garanhuns,2606002,city,44,31.47624,5,4,0,0.0909,139788,False,False
20,2020-05-11,30,PE,Glória do Goitá,2606101,city,27,88.22376,1,10,0,0.3704,30604,False,False
20,2020-05-11,46,PE,Goiana,2606200,city,77,96.54204,7,9,0,0.1169,79758,False,False
20,2020-05-11,16,PE,Granito,2606309,city,1,13.35827,0,0,0,0.0,7486,False,False
20,2020-05-11,29,PE,Gravatá,2606408,city,29,34.49342,5,3,1,0.1034,84074,False,False
20,2020-05-11,18,PE,Ibimirim,2606606,city,10,34.20558,0,4,0,0.4,29235,False,False
20,2020-05-11,12,PE,Ibirajuba,2606705,city,1,12.88328,0,0,0,0.0,7762,False,False
20,2020-05-11,35,PE,Igarassu,2606804,city,133,113.65676,3,18,0,0.1353,117019,False,False
20,2020-05-11,16,PE,Iguaracy,2606903,city,3,24.53386,0,0,0,0.0,12228,False,False
20,2020-05-11,28,PE,Ilha de Itamaracá,2607604,city,21,79.97563,0,0,0,0.0,26258,False,False
20,2020-05-11,59,PE,Importados/Indefinidos,,city,24,,2,3,0,0.125,,False,False
20,2020-05-11,21,PE,Inajá,2607000,city,1,4.30163,0,0,0,0.0,23247,False,False
20,2020-05-11,32,PE,Ipojuca,2607208,city,74,76.91988,6,7,0,0.0946,96204,False,False
20,2020-05-11,42,PE,Ipubi,2607307,city,10,32.41071,0,1,0,0.1,30854,False,False
20,2020-05-11,3,PE,Itaíba,2607505,city,1,3.79521,0,0,0,0.0,26349,False,False
20,2020-05-11,21,PE,Itambé,2607653,city,6,16.46226,1,1,0,0.1667,36447,False,False
20,2020-05-11,22,PE,Itapetim,2607703,city,3,22.0329,0,1,0,0.3333,13616,False,False
20,2020-05-11,30,PE,Itapissuma,2607752,city,26,97.55731,0,5,0,0.1923,26651,False,False
20,2020-05-11,17,PE,Itaquitinga,2607802,city,10,58.97965,1,2,0,0.2,16955,False,False
20,2020-05-11,56,PE,Jaboatão dos Guararapes,2607901,city,1274,181.40448,45,119,2,0.0934,702298,False,False
20,2020-05-11,15,PE,Jaqueira,2607950,city,8,68.63418,0,2,0,0.25,11656,False,False
20,2020-05-11,21,PE,Jataúba,2608008,city,9,52.47813,0,1,0,0.1111,17150,False,False
20,2020-05-11,23,PE,Jatobá,2608057,city,2,13.51717,0,0,0,0.0,14796,False,False
20,2020-05-11,33,PE,João Alfredo,2608107,city,11,32.52321,1,0,0,0.0,33822,False,False
20,2020-05-11,10,PE,Joaquim Nabuco,2608206,city,3,18.72309,1,1,1,0.3333,16023,False,False
20,2020-05-11,20,PE,Jucati,2608255,city,3,26.2605,1,0,0,0.0,11424,False,False
20,2020-05-11,23,PE,Jupi,2608305,city,2,13.48072,0,1,0,0.5,14836,False,False
20,2020-05-11,18,PE,Jurema,2608404,city,5,32.51398,0,0,0,0.0,15378,False,False
20,2020-05-11,25,PE,Lagoa de Itaenga,2608503,city,7,32.66601,0,2,0,0.2857,21429,False,False
20,2020-05-11,36,PE,Lagoa do Carro,2608453,city,21,116.20829,0,2,0,0.0952,18071,False,False
20,2020-05-11,16,PE,Lagoa do Ouro,2608602,city,1,7.60746,0,0,0,0.0,13145,False,False
20,2020-05-11,29,PE,Lagoa dos Gatos,2608701,city,3,18.41621,0,2,0,0.6667,16290,False,False
20,2020-05-11,16,PE,Lajedo,2608800,city,3,7.44639,0,1,0,0.3333,40288,False,False
20,2020-05-11,33,PE,Limoeiro,2608909,city,30,53.33333,2,7,0,0.2333,56250,False,False
20,2020-05-11,35,PE,Macaparana,2609006,city,7,27.58512,0,2,0,0.2857,25376,False,False
20,2020-05-11,30,PE,Machados,2609105,city,5,31.07907,0,1,0,0.2,16088,False,False
20,2020-05-11,5,PE,Maraial,2609204,city,1,8.81446,0,1,0,1.0,11345,False,False
20,2020-05-11,35,PE,Moreno,2609402,city,60,95.56575,4,5,0,0.0833,62784,False,False
20,2020-05-11,20,PE,Nazaré da Mata,2609501,city,18,55.43408,0,3,0,0.1667,32471,False,False
20,2020-05-11,51,PE,Olinda,2609600,city,1253,319.25031,31,91,8,0.0726,392482,False,False
20,2020-05-11,16,PE,Orobó,2609709,city,2,8.37381,0,0,0,0.0,23884,False,False
20,2020-05-11,20,PE,Orocó,2609808,city,1,6.67067,0,0,0,0.0,14991,False,False
20,2020-05-11,16,PE,Ouricuri,2609907,city,9,12.95728,0,1,0,0.1111,69459,False,False
20,2020-05-11,43,PE,Palmares,2610004,city,31,49.01186,4,4,0,0.129,63250,False,False
20,2020-05-11,20,PE,Panelas,2610202,city,5,18.88645,0,1,0,0.2,26474,False,False
20,2020-05-11,34,PE,Passira,2610509,city,23,79.494,1,0,0,0.0,28933,False,False
20,2020-05-11,36,PE,Paudalho,2610608,city,67,118.57148,2,9,1,0.1343,56506,False,False
20,2020-05-11,39,PE,Paulista,2610707,city,890,268.2549,33,57,2,0.064,331774,False,False
20,2020-05-11,23,PE,Pedra,2610806,city,12,53.05743,2,0,0,0.0,22617,False,False
20,2020-05-11,25,PE,Pesqueira,2610905,city,11,16.32169,1,0,0,0.0,67395,False,False
20,2020-05-11,14,PE,Petrolândia,2611002,city,3,8.20838,0,0,0,0.0,36548,False,False
20,2020-05-11,50,PE,Petrolina,2611101,city,67,19.18973,0,1,0,0.0149,349145,False,False
20,2020-05-11,23,PE,Poção,2611200,city,3,26.54397,0,0,0,0.0,11302,False,False
20,2020-05-11,33,PE,Pombos,2611309,city,64,236.24082,4,6,2,0.0938,27091,False,False
20,2020-05-11,15,PE,Primavera,2611408,city,11,73.49993,2,0,0,0.0,14966,False,False
20,2020-05-11,31,PE,Quipapá,2611507,city,1,3.84069,0,0,0,0.0,26037,False,False
20,2020-05-11,20,PE,Quixaba,2611533,city,4,58.71129,0,2,0,0.5,6813,False,False
20,2020-05-11,61,PE,Recife,2611606,city,7224,438.95494,240,425,10,0.0588,1645727,False,False
20,2020-05-11,27,PE,Ribeirão,2611804,city,18,37.96267,1,5,1,0.2778,47415,False,False
20,2020-05-11,25,PE,Rio Formoso,2611903,city,7,29.74294,0,2,0,0.2857,23535,False,False
20,2020-05-11,12,PE,Sairé,2612000,city,1,10.06847,0,1,0,1.0,9932,False,False
20,2020-05-11,35,PE,Salgueiro,2612208,city,27,44.31315,0,4,0,0.1481,60930,False,False
20,2020-05-11,1,PE,Saloá,2612307,city,1,6.31194,1,0,0,0.0,15843,False,False
20,2020-05-11,25,PE,Sanharó,2612406,city,2,7.55801,0,0,0,0.0,26462,False,False
20,2020-05-11,5,PE,Santa Cruz,2612455,city,1,6.49435,0,0,0,0.0,15398,False,False
20,2020-05-11,31,PE,Santa Cruz do Capibaribe,2612505,city,11,10.19113,0,0,0,0.0,107937,False,False
20,2020-05-11,12,PE,Santa Maria da Boa Vista,2612604,city,2,4.76974,0,0,0,0.0,41931,False,False
20,2020-05-11,14,PE,Santa Maria do Cambucá,2612703,city,2,14.14727,1,0,0,0.0,14137,False,False
20,2020-05-11,2,PE,São Benedito do Sul,2612901,city,1,6.29129,0,0,0,0.0,15895,False,False
20,2020-05-11,31,PE,São Bento do Una,2613008,city,7,11.76392,0,0,0,0.0,59504,False,False
20,2020-05-11,32,PE,São Caitano,2613107,city,20,53.69848,0,0,0,0.0,37245,False,False
20,2020-05-11,12,PE,São João,2613206,city,2,8.77462,0,0,0,0.0,22793,False,False
20,2020-05-11,16,PE,São Joaquim do Monte,2613305,city,3,14.04757,0,0,0,0.0,21356,False,False
20,2020-05-11,30,PE,São José da Coroa Grande,2613404,city,21,98.60081,1,2,0,0.0952,21298,False,False
20,2020-05-11,14,PE,São José do Belmonte,2613503,city,1,2.94473,0,0,0,0.0,33959,False,False
20,2020-05-11,25,PE,São José do Egito,2613602,city,5,14.72711,0,0,0,0.0,33951,False,False
20,2020-05-11,45,PE,São Lourenço da Mata,2613701,city,249,219.90639,3,33,0,0.1325,113230,False,False
20,2020-05-11,25,PE,São Vicente Ferrer,2613800,city,4,22.20002,0,0,0,0.0,18018,False,False
20,2020-05-11,32,PE,Serra Talhada,2613909,city,19,22.00347,2,0,0,0.0,86350,False,False
20,2020-05-11,31,PE,Sertânia,2614105,city,12,33.41967,0,2,0,0.1667,35907,False,False
20,2020-05-11,23,PE,Sirinhaém,2614204,city,17,37.0653,0,2,0,0.1176,45865,False,False
20,2020-05-11,26,PE,Surubim,2614501,city,11,16.89994,1,3,0,0.2727,65089,False,False
20,2020-05-11,21,PE,Tabira,2614600,city,4,14.01836,0,2,0,0.5,28534,False,False
20,2020-05-11,19,PE,Tamandaré,2614857,city,10,42.75697,0,1,0,0.1,23388,False,False
20,2020-05-11,13,PE,Taquaritinga do Norte,2615003,city,2,6.95048,0,2,0,1.0,28775,False,False
20,2020-05-11,16,PE,Terra Nova,2615201,city,1,9.90491,0,1,0,1.0,10096,False,False
20,2020-05-11,35,PE,Timbaúba,2615300,city,28,52.80827,2,8,1,0.2857,53022,False,False
20,2020-05-11,31,PE,Toritama,2615409,city,2,4.42292,0,0,0,0.0,45219,False,False
20,2020-05-11,31,PE,Tracunhaém,2615508,city,3,21.78807,0,1,0,0.3333,13769,False,False
20,2020-05-11,18,PE,Trindade,2615607,city,10,32.76433,0,3,0,0.3,30521,False,False
20,2020-05-11,27,PE,Triunfo,2615706,city,6,39.33395,1,1,0,0.1667,15254,False,False
20,2020-05-11,23,PE,Tupanatinga,2615805,city,5,18.31234,0,0,0,0.0,27304,False,False
20,2020-05-11,22,PE,Tuparetama,2615904,city,1,12.19215,0,0,0,0.0,8202,False,False
20,2020-05-11,16,PE,Venturosa,2616001,city,4,21.64268,0,1,0,0.25,18482,False,False
20,2020-05-11,25,PE,Vertentes,2616209,city,4,19.29478,0,0,0,0.0,20731,False,False
20,2020-05-11,22,PE,Vicência,2616308,city,11,33.69788,0,0,0,0.0,32643,False,False
20,2020-05-11,35,PE,Vitória de Santo Antão,2616407,city,173,124.67839,6,27,0,0.1561,138757,False,False
20,2020-05-11,19,PE,Xexéu,2616506,city,3,20.37351,0,1,0,0.3333,14725,False,False
20,2020-05-10,32,PE,Abreu e Lima,2600054,city,131,131.0131,2,7,2,0.0534,99990,False,False
20,2020-05-10,12,PE,Afogados da Ingazeira,2600104,city,4,10.73566,1,0,0,0.0,37259,False,False
20,2020-05-10,12,PE,Afrânio,2600203,city,1,5.09295,0,0,0,0.0,19635,False,False
20,2020-05-10,17,PE,Agrestina,2600302,city,3,12.05546,0,2,0,0.6667,24885,False,False
20,2020-05-10,15,PE,Água Preta,2600401,city,18,48.95162,1,5,0,0.2778,36771,False,False
20,2020-05-10,9,PE,Águas Belas,2600500,city,15,34.528,3,0,0,0.0,43443,False,False
20,2020-05-10,22,PE,Alagoinha,2600609,city,2,13.66494,0,0,0,0.0,14636,False,False
20,2020-05-10,40,PE,Aliança,2600708,city,24,62.52279,9,9,2,0.375,38386,False,False
20,2020-05-10,22,PE,Altinho,2600807,city,5,21.76563,0,0,0,0.0,22972,False,False
20,2020-05-10,25,PE,Amaraji,2600906,city,11,48.18433,1,3,0,0.2727,22829,False,False
20,2020-05-10,28,PE,Araçoiaba,2601052,city,10,48.72345,0,2,0,0.2,20524,False,False
20,2020-05-10,8,PE,Araripina,2601102,city,8,9.47665,1,0,0,0.0,84418,False,False
20,2020-05-10,33,PE,Arcoverde,2601201,city,34,45.73704,0,7,0,0.2059,74338,False,False
20,2020-05-10,10,PE,Barreiros,2601409,city,11,25.78588,4,1,0,0.0909,42659,False,False
20,2020-05-10,4,PE,Belém de Maria,2601508,city,0,,0,0,0,0.0,12073,False,False
20,2020-05-10,55,PE,Belo Jardim,2601706,city,10,13.08233,0,1,0,0.1,76439,False,False
20,2020-05-10,16,PE,Betânia,2601805,city,4,31.44901,0,1,0,0.25,12719,False,False
20,2020-05-10,28,PE,Bezerros,2601904,city,5,8.22395,0,0,0,0.0,60798,False,False
20,2020-05-10,31,PE,Bom Conselho,2602100,city,3,6.17869,0,1,0,0.3333,48554,False,False
20,2020-05-10,34,PE,Bom Jardim,2602209,city,13,33.17681,0,5,0,0.3846,39184,False,False
20,2020-05-10,23,PE,Bonito,2602308,city,7,18.35632,0,3,0,0.4286,38134,False,False
20,2020-05-10,9,PE,Brejo da Madre de Deus,2602605,city,1,1.97075,0,0,0,0.0,50742,False,False
20,2020-05-10,8,PE,Buenos Aires,2602704,city,3,22.80502,0,1,0,0.3333,13155,False,False
20,2020-05-10,8,PE,Buíque,2602803,city,3,5.13892,1,0,0,0.0,58378,False,False
20,2020-05-10,38,PE,Cabo de Santo Agostinho,2602902,city,221,106.73853,12,37,0,0.1674,207048,False,False
20,2020-05-10,16,PE,Cabrobó,2603009,city,1,2.92218,0,0,0,0.0,34221,False,False
20,2020-05-10,35,PE,Cachoeirinha,2603108,city,9,44.16094,1,0,0,0.0,20380,False,False
20,2020-05-10,22,PE,Caetés,2603207,city,9,31.31633,1,0,0,0.0,28739,False,False
20,2020-05-10,45,PE,Camaragibe,2603454,city,420,266.11248,16,28,0,0.0667,157828,False,False
20,2020-05-10,18,PE,Camocim de São Félix,2603504,city,5,26.64535,0,0,0,0.0,18765,False,False
20,2020-05-10,2,PE,Camutanga,2603603,city,3,35.08362,2,1,0,0.3333,8551,False,False
20,2020-05-10,32,PE,Capoeiras,2603801,city,3,14.96409,0,1,0,0.3333,20048,False,False
20,2020-05-10,27,PE,Carnaíba,2603900,city,4,20.45931,1,3,1,0.75,19551,False,False
20,2020-05-10,15,PE,Carnaubeira da Penha,2603926,city,1,7.73276,0,0,0,0.0,12932,False,False
20,2020-05-10,32,PE,Carpina,2604007,city,31,37.06316,2,4,0,0.129,83641,False,False
20,2020-05-10,49,PE,Caruaru,2604106,city,70,19.38425,6,8,0,0.1143,361118,False,False
20,2020-05-10,34,PE,Catende,2604205,city,11,25.64581,2,4,2,0.3636,42892,False,False
20,2020-05-10,15,PE,Cedro,2604304,city,1,8.46955,0,0,0,0.0,11807,False,False
20,2020-05-10,27,PE,Chã de Alegria,2604403,city,25,184.9386,0,1,0,0.04,13518,False,False
20,2020-05-10,29,PE,Chã Grande,2604502,city,35,161.30519,2,3,0,0.0857,21698,False,False
20,2020-05-10,18,PE,Condado,2604601,city,19,71.91249,1,2,1,0.1053,26421,False,False
20,2020-05-10,17,PE,Correntes,2604700,city,2,10.98479,0,1,0,0.5,18207,False,False
20,2020-05-10,11,PE,Cortês,2604809,city,5,39.75195,0,1,0,0.2,12578,False,False
20,2020-05-10,11,PE,Cumaru,2604908,city,9,82.52338,2,0,0,0.0,10906,False,False
20,2020-05-10,25,PE,Cupira,2605004,city,5,20.74086,2,1,0,0.2,24107,False,False
20,2020-05-10,22,PE,Custódia,2605103,city,17,45.80852,1,2,0,0.1176,37111,False,False
20,2020-05-10,25,PE,Escada,2605202,city,27,39.20145,2,2,0,0.0741,68875,False,False
20,2020-05-10,25,PE,Feira Nova,2605400,city,12,54.22258,2,3,2,0.25,22131,False,False
20,2020-05-10,45,PE,Fernando de Noronha,2605459,city,28,914.73375,0,0,0,0.0,3061,False,False
20,2020-05-10,21,PE,Ferreiros,2605509,city,10,82.48783,0,2,0,0.2,12123,False,False
20,2020-05-10,13,PE,Flores,2605608,city,0,,0,0,0,0.0,22624,False,False
20,2020-05-10,7,PE,Floresta,2605707,city,4,12.16804,0,2,0,0.5,32873,False,False
20,2020-05-10,32,PE,Frei Miguelinho,2605806,city,16,103.51297,0,3,0,0.1875,15457,False,False
20,2020-05-10,30,PE,Gameleira,2605905,city,4,12.88162,0,2,0,0.5,31052,False,False
20,2020-05-10,32,PE,Garanhuns,2606002,city,39,27.89939,15,4,0,0.1026,139788,False,False
20,2020-05-10,29,PE,Glória do Goitá,2606101,city,26,84.95621,3,10,1,0.3846,30604,False,False
20,2020-05-10,45,PE,Goiana,2606200,city,70,87.76549,4,9,0,0.1286,79758,False,False
20,2020-05-10,15,PE,Granito,2606309,city,1,13.35827,0,0,0,0.0,7486,False,False
20,2020-05-10,28,PE,Gravatá,2606408,city,24,28.54628,4,2,0,0.0833,84074,False,False
20,2020-05-10,17,PE,Ibimirim,2606606,city,10,34.20558,0,4,0,0.4,29235,False,False
20,2020-05-10,11,PE,Ibirajuba,2606705,city,1,12.88328,0,0,0,0.0,7762,False,False
20,2020-05-10,34,PE,Igarassu,2606804,city,130,111.09307,9,18,2,0.1385,117019,False,False
20,2020-05-10,15,PE,Iguaracy,2606903,city,3,24.53386,0,0,0,0.0,12228,False,False
20,2020-05-10,27,PE,Ilha de Itamaracá,2607604,city,21,79.97563,0,0,0,0.0,26258,False,False
20,2020-05-10,58,PE,Importados/Indefinidos,,city,22,,0,3,0,0.1364,,False,False
20,2020-05-10,20,PE,Inajá,2607000,city,1,4.30163,0,0,0,0.0,23247,False,False
20,2020-05-10,31,PE,Ipojuca,2607208,city,68,70.68313,7,7,1,0.1029,96204,False,False
20,2020-05-10,41,PE,Ipubi,2607307,city,10,32.41071,0,1,0,0.1,30854,False,False
20,2020-05-10,2,PE,Itaíba,2607505,city,1,3.79521,0,0,0,0.0,26349,False,False
20,2020-05-10,20,PE,Itambé,2607653,city,5,13.71855,1,1,0,0.2,36447,False,False
20,2020-05-10,21,PE,Itapetim,2607703,city,3,22.0329,0,1,0,0.3333,13616,False,False
20,2020-05-10,29,PE,Itapissuma,2607752,city,26,97.55731,1,5,1,0.1923,26651,False,False
20,2020-05-10,16,PE,Itaquitinga,2607802,city,9,53.08169,0,2,0,0.2222,16955,False,False
20,2020-05-10,55,PE,Jaboatão dos Guararapes,2607901,city,1229,174.99694,79,117,8,0.0952,702298,False,False
20,2020-05-10,14,PE,Jaqueira,2607950,city,8,68.63418,3,2,0,0.25,11656,False,False
20,2020-05-10,20,PE,Jataúba,2608008,city,9,52.47813,2,1,0,0.1111,17150,False,False
20,2020-05-10,22,PE,Jatobá,2608057,city,2,13.51717,0,0,0,0.0,14796,False,False
20,2020-05-10,32,PE,João Alfredo,2608107,city,10,29.56655,2,0,0,0.0,33822,False,False
20,2020-05-10,9,PE,Joaquim Nabuco,2608206,city,2,12.48206,0,0,0,0.0,16023,False,False
20,2020-05-10,19,PE,Jucati,2608255,city,2,17.507,0,0,0,0.0,11424,False,False
20,2020-05-10,22,PE,Jupi,2608305,city,2,13.48072,0,1,1,0.5,14836,False,False
20,2020-05-10,17,PE,Jurema,2608404,city,5,32.51398,0,0,0,0.0,15378,False,False
20,2020-05-10,24,PE,Lagoa de Itaenga,2608503,city,7,32.66601,1,2,1,0.2857,21429,False,False
20,2020-05-10,35,PE,Lagoa do Carro,2608453,city,21,116.20829,3,2,0,0.0952,18071,False,False
20,2020-05-10,15,PE,Lagoa do Ouro,2608602,city,1,7.60746,0,0,0,0.0,13145,False,False
20,2020-05-10,28,PE,Lagoa dos Gatos,2608701,city,3,18.41621,0,2,0,0.6667,16290,False,False
20,2020-05-10,15,PE,Lajedo,2608800,city,3,7.44639,0,1,0,0.3333,40288,False,False
20,2020-05-10,32,PE,Limoeiro,2608909,city,28,49.77778,2,7,1,0.25,56250,False,False
20,2020-05-10,34,PE,Macaparana,2609006,city,7,27.58512,0,2,0,0.2857,25376,False,False
20,2020-05-10,29,PE,Machados,2609105,city,5,31.07907,0,1,0,0.2,16088,False,False
20,2020-05-10,4,PE,Maraial,2609204,city,1,8.81446,0,1,0,1.0,11345,False,False
20,2020-05-10,34,PE,Moreno,2609402,city,56,89.1947,5,5,0,0.0893,62784,False,False
20,2020-05-10,19,PE,Nazaré da Mata,2609501,city,18,55.43408,0,3,1,0.1667,32471,False,False
20,2020-05-10,50,PE,Olinda,2609600,city,1222,311.35186,59,83,6,0.0679,392482,False,False
20,2020-05-10,15,PE,Orobó,2609709,city,2,8.37381,1,0,0,0.0,23884,False,False
20,2020-05-10,19,PE,Orocó,2609808,city,1,6.67067,0,0,0,0.0,14991,False,False
20,2020-05-10,15,PE,Ouricuri,2609907,city,9,12.95728,0,1,0,0.1111,69459,False,False
20,2020-05-10,42,PE,Palmares,2610004,city,27,42.68775,0,4,0,0.1481,63250,False,False
20,2020-05-10,19,PE,Panelas,2610202,city,5,18.88645,0,1,0,0.2,26474,False,False
20,2020-05-10,33,PE,Passira,2610509,city,22,76.03774,1,0,0,0.0,28933,False,False
20,2020-05-10,35,PE,Paudalho,2610608,city,65,115.03203,6,8,0,0.1231,56506,False,False
20,2020-05-10,38,PE,Paulista,2610707,city,857,258.30837,58,55,1,0.0642,331774,False,False
20,2020-05-10,22,PE,Pedra,2610806,city,10,44.21453,0,0,0,0.0,22617,False,False
20,2020-05-10,24,PE,Pesqueira,2610905,city,10,14.8379,0,0,0,0.0,67395,False,False
20,2020-05-10,13,PE,Petrolândia,2611002,city,3,8.20838,0,0,0,0.0,36548,False,False
20,2020-05-10,49,PE,Petrolina,2611101,city,67,19.18973,0,1,0,0.0149,349145,False,False
20,2020-05-10,22,PE,Poção,2611200,city,3,26.54397,0,0,0,0.0,11302,False,False
20,2020-05-10,32,PE,Pombos,2611309,city,60,221.47577,11,4,1,0.0667,27091,False,False
20,2020-05-10,14,PE,Primavera,2611408,city,9,60.13631,2,0,0,0.0,14966,False,False
20,2020-05-10,30,PE,Quipapá,2611507,city,1,3.84069,0,0,0,0.0,26037,False,False
20,2020-05-10,19,PE,Quixaba,2611533,city,4,58.71129,1,2,1,0.5,6813,False,False
20,2020-05-10,60,PE,Recife,2611606,city,6984,424.37172,403,415,30,0.0594,1645727,False,False
20,2020-05-10,26,PE,Ribeirão,2611804,city,17,35.85363,0,4,0,0.2353,47415,False,False
20,2020-05-10,24,PE,Rio Formoso,2611903,city,7,29.74294,1,2,1,0.2857,23535,False,False
20,2020-05-10,11,PE,Sairé,2612000,city,1,10.06847,0,1,0,1.0,9932,False,False
20,2020-05-10,34,PE,Salgueiro,2612208,city,27,44.31315,1,4,1,0.1481,60930,False,False
20,2020-05-10,24,PE,Sanharó,2612406,city,2,7.55801,0,0,0,0.0,26462,False,False
20,2020-05-10,4,PE,Santa Cruz,2612455,city,1,6.49435,0,0,0,0.0,15398,False,False
20,2020-05-10,30,PE,Santa Cruz do Capibaribe,2612505,city,11,10.19113,0,0,0,0.0,107937,False,False
20,2020-05-10,11,PE,Santa Maria da Boa Vista,2612604,city,2,4.76974,1,0,0,0.0,41931,False,False
20,2020-05-10,13,PE,Santa Maria do Cambucá,2612703,city,1,7.07364,0,0,0,0.0,14137,False,False
20,2020-05-10,1,PE,São Benedito do Sul,2612901,city,1,6.29129,1,0,0,0.0,15895,False,False
20,2020-05-10,30,PE,São Bento do Una,2613008,city,7,11.76392,1,0,0,0.0,59504,False,False
20,2020-05-10,31,PE,São Caitano,2613107,city,20,53.69848,3,0,0,0.0,37245,False,False
20,2020-05-10,11,PE,São João,2613206,city,2,8.77462,0,0,0,0.0,22793,False,False
20,2020-05-10,15,PE,São Joaquim do Monte,2613305,city,3,14.04757,0,0,0,0.0,21356,False,False
20,2020-05-10,29,PE,São José da Coroa Grande,2613404,city,20,93.90553,2,2,0,0.1,21298,False,False
20,2020-05-10,13,PE,São José do Belmonte,2613503,city,1,2.94473,0,0,0,0.0,33959,False,False
20,2020-05-10,24,PE,São José do Egito,2613602,city,5,14.72711,0,0,0,0.0,33951,False,False
20,2020-05-10,44,PE,São Lourenço da Mata,2613701,city,246,217.25691,11,33,0,0.1341,113230,False,False
20,2020-05-10,24,PE,São Vicente Ferrer,2613800,city,4,22.20002,2,0,0,0.0,18018,False,False
20,2020-05-10,31,PE,Serra Talhada,2613909,city,17,19.68732,0,0,0,0.0,86350,False,False
20,2020-05-10,30,PE,Sertânia,2614105,city,12,33.41967,1,2,0,0.1667,35907,False,False
20,2020-05-10,22,PE,Sirinhaém,2614204,city,17,37.0653,3,2,0,0.1176,45865,False,False
20,2020-05-10,25,PE,Surubim,2614501,city,10,15.36358,4,3,2,0.3,65089,False,False
20,2020-05-10,20,PE,Tabira,2614600,city,4,14.01836,0,2,0,0.5,28534,False,False
20,2020-05-10,18,PE,Tamandaré,2614857,city,10,42.75697,1,1,0,0.1,23388,False,False
20,2020-05-10,12,PE,Taquaritinga do Norte,2615003,city,2,6.95048,1,2,1,1.0,28775,False,False
20,2020-05-10,15,PE,Terra Nova,2615201,city,1,9.90491,0,1,0,1.0,10096,False,False
20,2020-05-10,34,PE,Timbaúba,2615300,city,26,49.03625,1,7,0,0.2692,53022,False,False
20,2020-05-10,30,PE,Toritama,2615409,city,2,4.42292,1,0,0,0.0,45219,False,False
20,2020-05-10,30,PE,Tracunhaém,2615508,city,3,21.78807,1,1,1,0.3333,13769,False,False
20,2020-05-10,17,PE,Trindade,2615607,city,10,32.76433,0,3,1,0.3,30521,False,False
20,2020-05-10,26,PE,Triunfo,2615706,city,5,32.77829,0,1,0,0.2,15254,False,False
20,2020-05-10,22,PE,Tupanatinga,2615805,city,5,18.31234,0,0,0,0.0,27304,False,False
20,2020-05-10,21,PE,Tuparetama,2615904,city,1,12.19215,0,0,0,0.0,8202,False,False
20,2020-05-10,15,PE,Venturosa,2616001,city,4,21.64268,0,1,0,0.25,18482,False,False
20,2020-05-10,24,PE,Vertentes,2616209,city,4,19.29478,0,0,0,0.0,20731,False,False
20,2020-05-10,21,PE,Vicência,2616308,city,11,33.69788,1,0,0,0.0,32643,False,False
20,2020-05-10,34,PE,Vitória de Santo Antão,2616407,city,167,120.35429,7,27,2,0.1617,138757,False,False
20,2020-05-10,18,PE,Xexéu,2616506,city,3,20.37351,0,1,0,0.3333,14725,False,False
19,2020-05-09,31,PE,Abreu e Lima,2600054,city,129,129.0129,15,5,1,0.0388,99990,False,False
19,2020-05-09,11,PE,Afogados da Ingazeira,2600104,city,3,8.05175,0,0,0,0.0,37259,False,False
19,2020-05-09,11,PE,Afrânio,2600203,city,1,5.09295,0,0,0,0.0,19635,False,False
19,2020-05-09,16,PE,Agrestina,2600302,city,3,12.05546,2,2,1,0.6667,24885,False,False
19,2020-05-09,14,PE,Água Preta,2600401,city,17,46.23209,5,5,0,0.2941,36771,False,False
19,2020-05-09,8,PE,Águas Belas,2600500,city,12,27.6224,6,0,0,0.0,43443,False,False
19,2020-05-09,21,PE,Alagoinha,2600609,city,2,13.66494,0,0,0,0.0,14636,False,False
19,2020-05-09,39,PE,Aliança,2600708,city,15,39.07675,1,7,2,0.4667,38386,False,False
19,2020-05-09,21,PE,Altinho,2600807,city,5,21.76563,2,0,0,0.0,22972,False,False
19,2020-05-09,24,PE,Amaraji,2600906,city,10,43.80393,2,3,0,0.3,22829,False,False
19,2020-05-09,27,PE,Araçoiaba,2601052,city,10,48.72345,1,2,0,0.2,20524,False,False
19,2020-05-09,7,PE,Araripina,2601102,city,7,8.29207,6,0,0,0.0,84418,False,False
19,2020-05-09,32,PE,Arcoverde,2601201,city,34,45.73704,3,7,2,0.2059,74338,False,False
19,2020-05-09,9,PE,Barreiros,2601409,city,7,16.4092,6,1,1,0.1429,42659,False,False
19,2020-05-09,3,PE,Belém de Maria,2601508,city,0,,-1,0,-1,0.0,12073,False,False
19,2020-05-09,54,PE,Belo Jardim,2601706,city,10,13.08233,0,1,0,0.1,76439,False,False
19,2020-05-09,15,PE,Betânia,2601805,city,4,31.44901,0,1,1,0.25,12719,False,False
19,2020-05-09,27,PE,Bezerros,2601904,city,5,8.22395,2,0,0,0.0,60798,False,False
19,2020-05-09,30,PE,Bom Conselho,2602100,city,3,6.17869,0,1,0,0.3333,48554,False,False
19,2020-05-09,33,PE,Bom Jardim,2602209,city,13,33.17681,2,5,0,0.3846,39184,False,False
19,2020-05-09,22,PE,Bonito,2602308,city,7,18.35632,1,3,0,0.4286,38134,False,False
19,2020-05-09,8,PE,Brejo da Madre de Deus,2602605,city,1,1.97075,0,0,0,0.0,50742,False,False
19,2020-05-09,7,PE,Buenos Aires,2602704,city,3,22.80502,1,1,0,0.3333,13155,False,False
19,2020-05-09,7,PE,Buíque,2602803,city,2,3.42595,0,0,0,0.0,58378,False,False
19,2020-05-09,37,PE,Cabo de Santo Agostinho,2602902,city,209,100.94278,38,37,8,0.177,207048,False,False
19,2020-05-09,15,PE,Cabrobó,2603009,city,1,2.92218,0,0,0,0.0,34221,False,False
19,2020-05-09,34,PE,Cachoeirinha,2603108,city,8,39.25417,0,0,0,0.0,20380,False,False
19,2020-05-09,21,PE,Caetés,2603207,city,8,27.83674,2,0,0,0.0,28739,False,False
19,2020-05-09,44,PE,Camaragibe,2603454,city,404,255.97486,56,28,2,0.0693,157828,False,False
19,2020-05-09,17,PE,Camocim de São Félix,2603504,city,5,26.64535,0,0,0,0.0,18765,False,False
19,2020-05-09,1,PE,Camutanga,2603603,city,1,11.69454,1,1,1,1.0,8551,False,False
19,2020-05-09,31,PE,Capoeiras,2603801,city,3,14.96409,1,1,1,0.3333,20048,False,False
19,2020-05-09,26,PE,Carnaíba,2603900,city,3,15.34448,1,2,0,0.6667,19551,False,False
19,2020-05-09,14,PE,Carnaubeira da Penha,2603926,city,1,7.73276,0,0,0,0.0,12932,False,False
19,2020-05-09,31,PE,Carpina,2604007,city,29,34.67199,5,4,2,0.1379,83641,False,False
19,2020-05-09,48,PE,Caruaru,2604106,city,64,17.72274,11,8,1,0.125,361118,False,False
19,2020-05-09,33,PE,Catende,2604205,city,9,20.98293,2,2,0,0.2222,42892,False,False
19,2020-05-09,14,PE,Cedro,2604304,city,1,8.46955,0,0,0,0.0,11807,False,False
19,2020-05-09,26,PE,Chã de Alegria,2604403,city,25,184.9386,9,1,0,0.04,13518,False,False
19,2020-05-09,28,PE,Chã Grande,2604502,city,33,152.08775,1,3,2,0.0909,21698,False,False
19,2020-05-09,17,PE,Condado,2604601,city,18,68.12763,4,1,0,0.0556,26421,False,False
19,2020-05-09,16,PE,Correntes,2604700,city,2,10.98479,0,1,0,0.5,18207,False,False
19,2020-05-09,10,PE,Cortês,2604809,city,5,39.75195,0,1,0,0.2,12578,False,False
19,2020-05-09,10,PE,Cumaru,2604908,city,7,64.18485,7,0,0,0.0,10906,False,False
19,2020-05-09,24,PE,Cupira,2605004,city,3,12.44452,0,1,0,0.3333,24107,False,False
19,2020-05-09,21,PE,Custódia,2605103,city,16,43.1139,4,2,0,0.125,37111,False,False
19,2020-05-09,24,PE,Escada,2605202,city,25,36.29764,5,2,1,0.08,68875,False,False
19,2020-05-09,24,PE,Feira Nova,2605400,city,10,45.18549,2,1,1,0.1,22131,False,False
19,2020-05-09,44,PE,Fernando de Noronha,2605459,city,28,914.73375,0,0,0,0.0,3061,False,False
19,2020-05-09,20,PE,Ferreiros,2605509,city,10,82.48783,4,2,0,0.2,12123,False,False
19,2020-05-09,12,PE,Flores,2605608,city,0,,-1,0,0,0.0,22624,False,False
19,2020-05-09,6,PE,Floresta,2605707,city,4,12.16804,2,2,0,0.5,32873,False,False
19,2020-05-09,31,PE,Frei Miguelinho,2605806,city,16,103.51297,0,3,1,0.1875,15457,False,False
19,2020-05-09,29,PE,Gameleira,2605905,city,4,12.88162,1,2,1,0.5,31052,False,False
19,2020-05-09,31,PE,Garanhuns,2606002,city,24,17.16886,1,4,0,0.1667,139788,False,False
19,2020-05-09,28,PE,Glória do Goitá,2606101,city,23,75.15357,3,9,1,0.3913,30604,False,False
19,2020-05-09,44,PE,Goiana,2606200,city,66,82.75032,10,9,2,0.1364,79758,False,False
19,2020-05-09,14,PE,Granito,2606309,city,1,13.35827,0,0,0,0.0,7486,False,False
19,2020-05-09,27,PE,Gravatá,2606408,city,20,23.78857,3,2,0,0.1,84074,False,False
19,2020-05-09,16,PE,Ibimirim,2606606,city,10,34.20558,3,4,2,0.4,29235,False,False
19,2020-05-09,10,PE,Ibirajuba,2606705,city,1,12.88328,0,0,0,0.0,7762,False,False
19,2020-05-09,33,PE,Igarassu,2606804,city,121,103.40201,19,16,4,0.1322,117019,False,False
19,2020-05-09,14,PE,Iguaracy,2606903,city,3,24.53386,1,0,0,0.0,12228,False,False
19,2020-05-09,26,PE,Ilha de Itamaracá,2607604,city,21,79.97563,3,0,0,0.0,26258,False,False
19,2020-05-09,57,PE,Importados/Indefinidos,,city,22,,-762,3,-82,0.1364,,False,False
19,2020-05-09,19,PE,Inajá,2607000,city,1,4.30163,0,0,0,0.0,23247,False,False
19,2020-05-09,30,PE,Ipojuca,2607208,city,61,63.40693,17,6,1,0.0984,96204,False,False
19,2020-05-09,40,PE,Ipubi,2607307,city,10,32.41071,1,1,1,0.1,30854,False,False
19,2020-05-09,1,PE,Itaíba,2607505,city,1,3.79521,1,0,0,0.0,26349,False,False
19,2020-05-09,19,PE,Itambé,2607653,city,4,10.97484,1,1,1,0.25,36447,False,False
19,2020-05-09,20,PE,Itapetim,2607703,city,3,22.0329,1,1,0,0.3333,13616,False,False
19,2020-05-09,28,PE,Itapissuma,2607752,city,25,93.80511,1,4,0,0.16,26651,False,False
19,2020-05-09,15,PE,Itaquitinga,2607802,city,9,53.08169,2,2,0,0.2222,16955,False,False
19,2020-05-09,54,PE,Jaboatão dos Guararapes,2607901,city,1150,163.74815,171,109,15,0.0948,702298,False,False
19,2020-05-09,13,PE,Jaqueira,2607950,city,5,42.89636,3,2,0,0.4,11656,False,False
19,2020-05-09,19,PE,Jataúba,2608008,city,7,40.81633,6,1,0,0.1429,17150,False,False
19,2020-05-09,21,PE,Jatobá,2608057,city,2,13.51717,0,0,0,0.0,14796,False,False
19,2020-05-09,31,PE,João Alfredo,2608107,city,8,23.65324,0,0,0,0.0,33822,False,False
19,2020-05-09,8,PE,Joaquim Nabuco,2608206,city,2,12.48206,0,0,0,0.0,16023,False,False
19,2020-05-09,18,PE,Jucati,2608255,city,2,17.507,1,0,0,0.0,11424,False,False
19,2020-05-09,21,PE,Jupi,2608305,city,2,13.48072,0,0,0,0.0,14836,False,False
19,2020-05-09,16,PE,Jurema,2608404,city,5,32.51398,2,0,0,0.0,15378,False,False
19,2020-05-09,23,PE,Lagoa de Itaenga,2608503,city,6,27.99944,1,1,0,0.1667,21429,False,False
19,2020-05-09,34,PE,Lagoa do Carro,2608453,city,18,99.60711,0,2,0,0.1111,18071,False,False
19,2020-05-09,14,PE,Lagoa do Ouro,2608602,city,1,7.60746,0,0,0,0.0,13145,False,False
19,2020-05-09,27,PE,Lagoa dos Gatos,2608701,city,3,18.41621,1,2,1,0.6667,16290,False,False
19,2020-05-09,14,PE,Lajedo,2608800,city,3,7.44639,0,1,0,0.3333,40288,False,False
19,2020-05-09,31,PE,Limoeiro,2608909,city,26,46.22222,1,6,0,0.2308,56250,False,False
19,2020-05-09,33,PE,Macaparana,2609006,city,7,27.58512,0,2,0,0.2857,25376,False,False
19,2020-05-09,28,PE,Machados,2609105,city,5,31.07907,0,1,0,0.2,16088,False,False
19,2020-05-09,3,PE,Maraial,2609204,city,1,8.81446,0,1,1,1.0,11345,False,False
19,2020-05-09,33,PE,Moreno,2609402,city,51,81.23089,3,5,2,0.098,62784,False,False
19,2020-05-09,18,PE,Nazaré da Mata,2609501,city,18,55.43408,1,2,0,0.1111,32471,False,False
19,2020-05-09,49,PE,Olinda,2609600,city,1163,296.31932,149,77,8,0.0662,392482,False,False
19,2020-05-09,14,PE,Orobó,2609709,city,1,4.1869,0,0,0,0.0,23884,False,False
19,2020-05-09,18,PE,Orocó,2609808,city,1,6.67067,0,0,0,0.0,14991,False,False
19,2020-05-09,14,PE,Ouricuri,2609907,city,9,12.95728,2,1,1,0.1111,69459,False,False
19,2020-05-09,41,PE,Palmares,2610004,city,27,42.68775,6,4,0,0.1481,63250,False,False
19,2020-05-09,18,PE,Panelas,2610202,city,5,18.88645,1,1,0,0.2,26474,False,False
19,2020-05-09,32,PE,Passira,2610509,city,21,72.58148,3,0,0,0.0,28933,False,False
19,2020-05-09,34,PE,Paudalho,2610608,city,59,104.41369,7,8,0,0.1356,56506,False,False
19,2020-05-09,37,PE,Paulista,2610707,city,799,240.82659,91,54,13,0.0676,331774,False,False
19,2020-05-09,21,PE,Pedra,2610806,city,10,44.21453,2,0,0,0.0,22617,False,False
19,2020-05-09,23,PE,Pesqueira,2610905,city,10,14.8379,3,0,0,0.0,67395,False,False
19,2020-05-09,12,PE,Petrolândia,2611002,city,3,8.20838,1,0,0,0.0,36548,False,False
19,2020-05-09,48,PE,Petrolina,2611101,city,67,19.18973,1,1,0,0.0149,349145,False,False
19,2020-05-09,21,PE,Poção,2611200,city,3,26.54397,2,0,0,0.0,11302,False,False
19,2020-05-09,31,PE,Pombos,2611309,city,49,180.87188,12,3,1,0.0612,27091,False,False
19,2020-05-09,13,PE,Primavera,2611408,city,7,46.77268,1,0,0,0.0,14966,False,False
19,2020-05-09,29,PE,Quipapá,2611507,city,1,3.84069,0,0,0,0.0,26037,False,False
19,2020-05-09,18,PE,Quixaba,2611533,city,3,44.03347,1,1,0,0.3333,6813,False,False
19,2020-05-09,59,PE,Recife,2611606,city,6581,399.88406,806,385,31,0.0585,1645727,False,False
19,2020-05-09,25,PE,Ribeirão,2611804,city,17,35.85363,6,4,2,0.2353,47415,False,False
19,2020-05-09,23,PE,Rio Formoso,2611903,city,6,25.49395,2,1,1,0.1667,23535,False,False
19,2020-05-09,10,PE,Sairé,2612000,city,1,10.06847,0,1,0,1.0,9932,False,False
19,2020-05-09,33,PE,Salgueiro,2612208,city,26,42.67192,3,3,1,0.1154,60930,False,False
19,2020-05-09,23,PE,Sanharó,2612406,city,2,7.55801,0,0,0,0.0,26462,False,False
19,2020-05-09,3,PE,Santa Cruz,2612455,city,1,6.49435,0,0,0,0.0,15398,False,False
19,2020-05-09,29,PE,Santa Cruz do Capibaribe,2612505,city,11,10.19113,4,0,0,0.0,107937,False,False
19,2020-05-09,10,PE,Santa Maria da Boa Vista,2612604,city,1,2.38487,0,0,0,0.0,41931,False,False
19,2020-05-09,12,PE,Santa Maria do Cambucá,2612703,city,1,7.07364,0,0,0,0.0,14137,False,False
19,2020-05-09,29,PE,São Bento do Una,2613008,city,6,10.08336,1,0,0,0.0,59504,False,False
19,2020-05-09,30,PE,São Caitano,2613107,city,17,45.64371,0,0,0,0.0,37245,False,False
19,2020-05-09,10,PE,São João,2613206,city,2,8.77462,0,0,0,0.0,22793,False,False
19,2020-05-09,14,PE,São Joaquim do Monte,2613305,city,3,14.04757,2,0,0,0.0,21356,False,False
19,2020-05-09,28,PE,São José da Coroa Grande,2613404,city,18,84.51498,2,2,0,0.1111,21298,False,False
19,2020-05-09,12,PE,São José do Belmonte,2613503,city,1,2.94473,0,0,0,0.0,33959,False,False
19,2020-05-09,23,PE,São José do Egito,2613602,city,5,14.72711,2,0,0,0.0,33951,False,False
19,2020-05-09,43,PE,São Lourenço da Mata,2613701,city,235,207.54217,24,33,1,0.1404,113230,False,False
19,2020-05-09,23,PE,São Vicente Ferrer,2613800,city,2,11.10001,1,0,0,0.0,18018,False,False
19,2020-05-09,30,PE,Serra Talhada,2613909,city,17,19.68732,1,0,0,0.0,86350,False,False
19,2020-05-09,29,PE,Sertânia,2614105,city,11,30.6347,1,2,0,0.1818,35907,False,False
19,2020-05-09,21,PE,Sirinhaém,2614204,city,14,30.52436,6,2,0,0.1429,45865,False,False
19,2020-05-09,24,PE,Surubim,2614501,city,6,9.21815,1,1,1,0.1667,65089,False,False
19,2020-05-09,19,PE,Tabira,2614600,city,4,14.01836,0,2,0,0.5,28534,False,False
19,2020-05-09,17,PE,Tamandaré,2614857,city,9,38.48127,1,1,0,0.1111,23388,False,False
19,2020-05-09,11,PE,Taquaritinga do Norte,2615003,city,1,3.47524,0,1,0,1.0,28775,False,False
19,2020-05-09,14,PE,Terra Nova,2615201,city,1,9.90491,0,1,0,1.0,10096,False,False
19,2020-05-09,33,PE,Timbaúba,2615300,city,25,47.15024,2,7,2,0.28,53022,False,False
19,2020-05-09,29,PE,Toritama,2615409,city,1,2.21146,0,0,0,0.0,45219,False,False
19,2020-05-09,29,PE,Tracunhaém,2615508,city,2,14.52538,0,0,0,0.0,13769,False,False
19,2020-05-09,16,PE,Trindade,2615607,city,10,32.76433,0,2,0,0.2,30521,False,False
19,2020-05-09,25,PE,Triunfo,2615706,city,5,32.77829,2,1,0,0.2,15254,False,False
19,2020-05-09,21,PE,Tupanatinga,2615805,city,5,18.31234,2,0,0,0.0,27304,False,False
19,2020-05-09,20,PE,Tuparetama,2615904,city,1,12.19215,0,0,0,0.0,8202,False,False
19,2020-05-09,14,PE,Venturosa,2616001,city,4,21.64268,0,1,0,0.25,18482,False,False
19,2020-05-09,23,PE,Vertentes,2616209,city,4,19.29478,1,0,0,0.0,20731,False,False
19,2020-05-09,20,PE,Vicência,2616308,city,10,30.63444,3,0,0,0.0,32643,False,False
19,2020-05-09,33,PE,Vitória de Santo Antão,2616407,city,160,115.3095,24,25,6,0.1562,138757,False,False
19,2020-05-09,17,PE,Xexéu,2616506,city,3,20.37351,0,1,0,0.3333,14725,False,False
19,2020-05-08,30,PE,Abreu e Lima,2600054,city,114,114.0114,0,4,0,0.0351,99990,False,False
19,2020-05-08,10,PE,Afogados da Ingazeira,2600104,city,3,8.05175,0,0,0,0.0,37259,False,False
19,2020-05-08,10,PE,Afrânio,2600203,city,1,5.09295,0,0,0,0.0,19635,False,False
19,2020-05-08,15,PE,Agrestina,2600302,city,1,4.01849,0,1,0,1.0,24885,False,False
19,2020-05-08,13,PE,Água Preta,2600401,city,12,32.63441,0,5,0,0.4167,36771,False,False
19,2020-05-08,7,PE,Águas Belas,2600500,city,6,13.8112,0,0,0,0.0,43443,False,False
19,2020-05-08,20,PE,Alagoinha,2600609,city,2,13.66494,0,0,0,0.0,14636,False,False
19,2020-05-08,38,PE,Aliança,2600708,city,14,36.47163,0,5,0,0.3571,38386,False,False
19,2020-05-08,20,PE,Altinho,2600807,city,3,13.05938,0,0,0,0.0,22972,False,False
19,2020-05-08,23,PE,Amaraji,2600906,city,8,35.04315,0,3,0,0.375,22829,False,False
19,2020-05-08,26,PE,Araçoiaba,2601052,city,9,43.8511,0,2,0,0.2222,20524,False,False
19,2020-05-08,6,PE,Araripina,2601102,city,1,1.18458,0,0,0,0.0,84418,False,False
19,2020-05-08,31,PE,Arcoverde,2601201,city,31,41.70142,0,5,0,0.1613,74338,False,False
19,2020-05-08,8,PE,Barreiros,2601409,city,1,2.34417,0,0,0,0.0,42659,False,False
19,2020-05-08,2,PE,Belém de Maria,2601508,city,1,8.28295,0,1,0,1.0,12073,False,False
19,2020-05-08,53,PE,Belo Jardim,2601706,city,10,13.08233,0,1,0,0.1,76439,False,False
19,2020-05-08,14,PE,Betânia,2601805,city,4,31.44901,0,0,0,0.0,12719,False,False
19,2020-05-08,26,PE,Bezerros,2601904,city,3,4.93437,0,0,0,0.0,60798,False,False
19,2020-05-08,29,PE,Bom Conselho,2602100,city,3,6.17869,0,1,0,0.3333,48554,False,False
19,2020-05-08,32,PE,Bom Jardim,2602209,city,11,28.07268,0,5,0,0.4545,39184,False,False
19,2020-05-08,21,PE,Bonito,2602308,city,6,15.73399,0,3,0,0.5,38134,False,False
19,2020-05-08,7,PE,Brejo da Madre de Deus,2602605,city,1,1.97075,0,0,0,0.0,50742,False,False
19,2020-05-08,6,PE,Buenos Aires,2602704,city,2,15.20334,0,1,0,0.5,13155,False,False
19,2020-05-08,6,PE,Buíque,2602803,city,2,3.42595,0,0,0,0.0,58378,False,False
19,2020-05-08,36,PE,Cabo de Santo Agostinho,2602902,city,171,82.58954,0,29,0,0.1696,207048,False,False
19,2020-05-08,14,PE,Cabrobó,2603009,city,1,2.92218,0,0,0,0.0,34221,False,False
19,2020-05-08,33,PE,Cachoeirinha,2603108,city,8,39.25417,0,0,0,0.0,20380,False,False
19,2020-05-08,20,PE,Caetés,2603207,city,6,20.87755,0,0,0,0.0,28739,False,False
19,2020-05-08,43,PE,Camaragibe,2603454,city,348,220.4932,0,26,0,0.0747,157828,False,False
19,2020-05-08,16,PE,Camocim de São Félix,2603504,city,5,26.64535,0,0,0,0.0,18765,False,False
19,2020-05-08,30,PE,Capoeiras,2603801,city,2,9.97606,0,0,0,0.0,20048,False,False
19,2020-05-08,25,PE,Carnaíba,2603900,city,2,10.22966,0,2,0,1.0,19551,False,False
19,2020-05-08,13,PE,Carnaubeira da Penha,2603926,city,1,7.73276,0,0,0,0.0,12932,False,False
19,2020-05-08,30,PE,Carpina,2604007,city,24,28.69406,0,2,0,0.0833,83641,False,False
19,2020-05-08,47,PE,Caruaru,2604106,city,53,14.67664,0,7,0,0.1321,361118,False,False
19,2020-05-08,32,PE,Catende,2604205,city,7,16.32006,0,2,0,0.2857,42892,False,False
19,2020-05-08,13,PE,Cedro,2604304,city,1,8.46955,0,0,0,0.0,11807,False,False
19,2020-05-08,25,PE,Chã de Alegria,2604403,city,16,118.3607,0,1,0,0.0625,13518,False,False
19,2020-05-08,27,PE,Chã Grande,2604502,city,32,147.47903,0,1,0,0.0312,21698,False,False
19,2020-05-08,16,PE,Condado,2604601,city,14,52.98815,0,1,0,0.0714,26421,False,False
19,2020-05-08,15,PE,Correntes,2604700,city,2,10.98479,0,1,0,0.5,18207,False,False
19,2020-05-08,9,PE,Cortês,2604809,city,5,39.75195,0,1,0,0.2,12578,False,False
19,2020-05-08,9,PE,Cumaru,2604908,city,0,,0,0,0,0.0,10906,False,False
19,2020-05-08,23,PE,Cupira,2605004,city,3,12.44452,0,1,0,0.3333,24107,False,False
19,2020-05-08,20,PE,Custódia,2605103,city,12,32.33543,0,2,0,0.1667,37111,False,False
19,2020-05-08,23,PE,Escada,2605202,city,20,29.03811,0,1,0,0.05,68875,False,False
19,2020-05-08,23,PE,Feira Nova,2605400,city,8,36.14839,0,0,0,0.0,22131,False,False
19,2020-05-08,43,PE,Fernando de Noronha,2605459,city,28,914.73375,0,0,0,0.0,3061,False,False
19,2020-05-08,19,PE,Ferreiros,2605509,city,6,49.4927,0,2,0,0.3333,12123,False,False
19,2020-05-08,11,PE,Flores,2605608,city,1,4.42008,0,0,0,0.0,22624,False,False
19,2020-05-08,5,PE,Floresta,2605707,city,2,6.08402,0,2,0,1.0,32873,False,False
19,2020-05-08,30,PE,Frei Miguelinho,2605806,city,16,103.51297,0,2,0,0.125,15457,False,False
19,2020-05-08,28,PE,Gameleira,2605905,city,3,9.66121,0,1,0,0.3333,31052,False,False
19,2020-05-08,30,PE,Garanhuns,2606002,city,23,16.45349,0,4,0,0.1739,139788,False,False
19,2020-05-08,27,PE,Glória do Goitá,2606101,city,20,65.35093,0,8,0,0.4,30604,False,False
19,2020-05-08,43,PE,Goiana,2606200,city,56,70.21239,0,7,0,0.125,79758,False,False
19,2020-05-08,13,PE,Granito,2606309,city,1,13.35827,0,0,0,0.0,7486,False,False
19,2020-05-08,26,PE,Gravatá,2606408,city,17,20.22028,0,2,0,0.1176,84074,False,False
19,2020-05-08,15,PE,Ibimirim,2606606,city,7,23.9439,0,2,0,0.2857,29235,False,False
19,2020-05-08,9,PE,Ibirajuba,2606705,city,1,12.88328,0,0,0,0.0,7762,False,False
19,2020-05-08,32,PE,Igarassu,2606804,city,102,87.16533,0,12,0,0.1176,117019,False,False
19,2020-05-08,13,PE,Iguaracy,2606903,city,2,16.3559,0,0,0,0.0,12228,False,False
19,2020-05-08,25,PE,Ilha de Itamaracá,2607604,city,18,68.55054,0,0,0,0.0,26258,False,False
19,2020-05-08,56,PE,Importados/Indefinidos,,city,784,,763,85,82,0.1084,,False,False
19,2020-05-08,18,PE,Inajá,2607000,city,1,4.30163,0,0,0,0.0,23247,False,False
19,2020-05-08,29,PE,Ipojuca,2607208,city,44,45.73614,0,5,0,0.1136,96204,False,False
19,2020-05-08,39,PE,Ipubi,2607307,city,9,29.16964,0,0,0,0.0,30854,False,False
19,2020-05-08,18,PE,Itambé,2607653,city,3,8.23113,0,0,0,0.0,36447,False,False
19,2020-05-08,19,PE,Itapetim,2607703,city,2,14.6886,0,1,0,0.5,13616,False,False
19,2020-05-08,27,PE,Itapissuma,2607752,city,24,90.05291,0,4,0,0.1667,26651,False,False
19,2020-05-08,14,PE,Itaquitinga,2607802,city,7,41.28576,0,2,0,0.2857,16955,False,False
19,2020-05-08,53,PE,Jaboatão dos Guararapes,2607901,city,979,139.39951,0,94,0,0.096,702298,False,False
19,2020-05-08,12,PE,Jaqueira,2607950,city,2,17.15854,0,2,0,1.0,11656,False,False
19,2020-05-08,18,PE,Jataúba,2608008,city,1,5.8309,0,1,0,1.0,17150,False,False
19,2020-05-08,20,PE,Jatobá,2608057,city,2,13.51717,0,0,0,0.0,14796,False,False
19,2020-05-08,30,PE,João Alfredo,2608107,city,8,23.65324,0,0,0,0.0,33822,False,False
19,2020-05-08,7,PE,Joaquim Nabuco,2608206,city,2,12.48206,0,0,0,0.0,16023,False,False
19,2020-05-08,17,PE,Jucati,2608255,city,1,8.7535,0,0,0,0.0,11424,False,False
19,2020-05-08,20,PE,Jupi,2608305,city,2,13.48072,0,0,0,0.0,14836,False,False
19,2020-05-08,15,PE,Jurema,2608404,city,3,19.50839,0,0,0,0.0,15378,False,False
19,2020-05-08,22,PE,Lagoa de Itaenga,2608503,city,5,23.33287,0,1,0,0.2,21429,False,False
19,2020-05-08,33,PE,Lagoa do Carro,2608453,city,18,99.60711,0,2,0,0.1111,18071,False,False
19,2020-05-08,13,PE,Lagoa do Ouro,2608602,city,1,7.60746,0,0,0,0.0,13145,False,False
19,2020-05-08,26,PE,Lagoa dos Gatos,2608701,city,2,12.27747,0,1,0,0.5,16290,False,False
19,2020-05-08,13,PE,Lajedo,2608800,city,3,7.44639,0,1,0,0.3333,40288,False,False
19,2020-05-08,30,PE,Limoeiro,2608909,city,25,44.44444,0,6,0,0.24,56250,False,False
19,2020-05-08,32,PE,Macaparana,2609006,city,7,27.58512,0,2,0,0.2857,25376,False,False
19,2020-05-08,27,PE,Machados,2609105,city,5,31.07907,0,1,0,0.2,16088,False,False
19,2020-05-08,2,PE,Maraial,2609204,city,1,8.81446,0,0,0,0.0,11345,False,False
19,2020-05-08,32,PE,Moreno,2609402,city,48,76.4526,0,3,0,0.0625,62784,False,False
19,2020-05-08,17,PE,Nazaré da Mata,2609501,city,17,52.35441,0,2,0,0.1176,32471,False,False
19,2020-05-08,48,PE,Olinda,2609600,city,1014,258.3558,0,69,0,0.068,392482,False,False
19,2020-05-08,13,PE,Orobó,2609709,city,1,4.1869,0,0,0,0.0,23884,False,False
19,2020-05-08,17,PE,Orocó,2609808,city,1,6.67067,0,0,0,0.0,14991,False,False
19,2020-05-08,13,PE,Ouricuri,2609907,city,7,10.07789,0,0,0,0.0,69459,False,False
19,2020-05-08,40,PE,Palmares,2610004,city,21,33.20158,0,4,0,0.1905,63250,False,False
19,2020-05-08,17,PE,Panelas,2610202,city,4,15.10916,0,1,0,0.25,26474,False,False
19,2020-05-08,31,PE,Passira,2610509,city,18,62.2127,0,0,0,0.0,28933,False,False
19,2020-05-08,33,PE,Paudalho,2610608,city,52,92.02563,0,8,0,0.1538,56506,False,False
19,2020-05-08,36,PE,Paulista,2610707,city,708,213.39828,0,41,0,0.0579,331774,False,False
19,2020-05-08,20,PE,Pedra,2610806,city,8,35.37162,0,0,0,0.0,22617,False,False
19,2020-05-08,22,PE,Pesqueira,2610905,city,7,10.38653,0,0,0,0.0,67395,False,False
19,2020-05-08,11,PE,Petrolândia,2611002,city,2,5.47226,0,0,0,0.0,36548,False,False
19,2020-05-08,47,PE,Petrolina,2611101,city,66,18.90332,0,1,0,0.0152,349145,False,False
19,2020-05-08,20,PE,Poção,2611200,city,1,8.84799,0,0,0,0.0,11302,False,False
19,2020-05-08,30,PE,Pombos,2611309,city,37,136.57672,0,2,0,0.0541,27091,False,False
19,2020-05-08,12,PE,Primavera,2611408,city,6,40.09087,0,0,0,0.0,14966,False,False
19,2020-05-08,28,PE,Quipapá,2611507,city,1,3.84069,0,0,0,0.0,26037,False,False
19,2020-05-08,17,PE,Quixaba,2611533,city,2,29.35564,0,1,0,0.5,6813,False,False
19,2020-05-08,58,PE,Recife,2611606,city,5775,350.90875,0,354,0,0.0613,1645727,False,False
19,2020-05-08,24,PE,Ribeirão,2611804,city,11,23.19941,0,2,0,0.1818,47415,False,False
19,2020-05-08,22,PE,Rio Formoso,2611903,city,4,16.99596,0,0,0,0.0,23535,False,False
19,2020-05-08,9,PE,Sairé,2612000,city,1,10.06847,0,1,0,1.0,9932,False,False
19,2020-05-08,32,PE,Salgueiro,2612208,city,23,37.74824,0,2,0,0.087,60930,False,False
19,2020-05-08,22,PE,Sanharó,2612406,city,2,7.55801,0,0,0,0.0,26462,False,False
19,2020-05-08,2,PE,Santa Cruz,2612455,city,1,6.49435,0,0,0,0.0,15398,False,False
19,2020-05-08,28,PE,Santa Cruz do Capibaribe,2612505,city,7,6.48526,0,0,0,0.0,107937,False,False
19,2020-05-08,9,PE,Santa Maria da Boa Vista,2612604,city,1,2.38487,0,0,0,0.0,41931,False,False
19,2020-05-08,11,PE,Santa Maria do Cambucá,2612703,city,1,7.07364,0,0,0,0.0,14137,False,False
19,2020-05-08,28,PE,São Bento do Una,2613008,city,5,8.4028,0,0,0,0.0,59504,False,False
19,2020-05-08,29,PE,São Caitano,2613107,city,17,45.64371,0,0,0,0.0,37245,False,False
19,2020-05-08,9,PE,São João,2613206,city,2,8.77462,0,0,0,0.0,22793,False,False
19,2020-05-08,13,PE,São Joaquim do Monte,2613305,city,1,4.68252,0,0,0,0.0,21356,False,False
19,2020-05-08,27,PE,São José da Coroa Grande,2613404,city,16,75.12442,0,2,0,0.125,21298,False,False
19,2020-05-08,11,PE,São José do Belmonte,2613503,city,1,2.94473,0,0,0,0.0,33959,False,False
19,2020-05-08,22,PE,São José do Egito,2613602,city,3,8.83626,0,0,0,0.0,33951,False,False
19,2020-05-08,42,PE,São Lourenço da Mata,2613701,city,211,186.34637,0,32,0,0.1517,113230,False,False
19,2020-05-08,22,PE,São Vicente Ferrer,2613800,city,1,5.55001,0,0,0,0.0,18018,False,False
19,2020-05-08,29,PE,Serra Talhada,2613909,city,16,18.52924,0,0,0,0.0,86350,False,False
19,2020-05-08,28,PE,Sertânia,2614105,city,10,27.84972,0,2,0,0.2,35907,False,False
19,2020-05-08,20,PE,Sirinhaém,2614204,city,8,17.44249,0,2,0,0.25,45865,False,False
19,2020-05-08,23,PE,Surubim,2614501,city,5,7.68179,0,0,0,0.0,65089,False,False
19,2020-05-08,18,PE,Tabira,2614600,city,4,14.01836,0,2,0,0.5,28534,False,False
19,2020-05-08,16,PE,Tamandaré,2614857,city,8,34.20558,0,1,0,0.125,23388,False,False
19,2020-05-08,10,PE,Taquaritinga do Norte,2615003,city,1,3.47524,0,1,0,1.0,28775,False,False
19,2020-05-08,13,PE,Terra Nova,2615201,city,1,9.90491,0,1,0,1.0,10096,False,False
19,2020-05-08,32,PE,Timbaúba,2615300,city,23,43.37822,0,5,0,0.2174,53022,False,False
19,2020-05-08,28,PE,Toritama,2615409,city,1,2.21146,0,0,0,0.0,45219,False,False
19,2020-05-08,28,PE,Tracunhaém,2615508,city,2,14.52538,0,0,0,0.0,13769,False,False
19,2020-05-08,15,PE,Trindade,2615607,city,10,32.76433,0,2,0,0.2,30521,False,False
19,2020-05-08,24,PE,Triunfo,2615706,city,3,19.66697,0,1,0,0.3333,15254,False,False
19,2020-05-08,20,PE,Tupanatinga,2615805,city,3,10.9874,0,0,0,0.0,27304,False,False
19,2020-05-08,19,PE,Tuparetama,2615904,city,1,12.19215,0,0,0,0.0,8202,False,False
19,2020-05-08,13,PE,Venturosa,2616001,city,4,21.64268,0,1,0,0.25,18482,False,False
19,2020-05-08,22,PE,Vertentes,2616209,city,3,14.47108,0,0,0,0.0,20731,False,False
19,2020-05-08,19,PE,Vicência,2616308,city,7,21.44411,0,0,0,0.0,32643,False,False
19,2020-05-08,32,PE,Vitória de Santo Antão,2616407,city,136,98.01307,0,19,0,0.1397,138757,False,False
19,2020-05-08,16,PE,Xexéu,2616506,city,3,20.37351,0,1,0,0.3333,14725,False,False
19,2020-05-07,29,PE,Abreu e Lima,2600054,city,114,114.0114,27,4,0,0.0351,99990,False,False
19,2020-05-07,9,PE,Afogados da Ingazeira,2600104,city,3,8.05175,1,0,0,0.0,37259,False,False
19,2020-05-07,9,PE,Afrânio,2600203,city,1,5.09295,0,0,0,0.0,19635,False,False
19,2020-05-07,14,PE,Agrestina,2600302,city,1,4.01849,0,1,0,1.0,24885,False,False
19,2020-05-07,12,PE,Água Preta,2600401,city,12,32.63441,4,5,1,0.4167,36771,False,False
19,2020-05-07,6,PE,Águas Belas,2600500,city,6,13.8112,3,0,0,0.0,43443,False,False
19,2020-05-07,19,PE,Alagoinha,2600609,city,2,13.66494,0,0,0,0.0,14636,False,False
19,2020-05-07,37,PE,Aliança,2600708,city,14,36.47163,3,5,0,0.3571,38386,False,False
19,2020-05-07,19,PE,Altinho,2600807,city,3,13.05938,1,0,0,0.0,22972,False,False
19,2020-05-07,22,PE,Amaraji,2600906,city,8,35.04315,1,3,0,0.375,22829,False,False
19,2020-05-07,25,PE,Araçoiaba,2601052,city,9,43.8511,0,2,0,0.2222,20524,False,False
19,2020-05-07,5,PE,Araripina,2601102,city,1,1.18458,0,0,0,0.0,84418,False,False
19,2020-05-07,30,PE,Arcoverde,2601201,city,31,41.70142,4,5,1,0.1613,74338,False,False
19,2020-05-07,7,PE,Barreiros,2601409,city,1,2.34417,0,0,0,0.0,42659,False,False
19,2020-05-07,1,PE,Belém de Maria,2601508,city,1,8.28295,1,1,1,1.0,12073,False,False
19,2020-05-07,52,PE,Belo Jardim,2601706,city,10,13.08233,1,1,0,0.1,76439,False,False
19,2020-05-07,13,PE,Betânia,2601805,city,4,31.44901,0,0,0,0.0,12719,False,False
19,2020-05-07,25,PE,Bezerros,2601904,city,3,4.93437,1,0,0,0.0,60798,False,False
19,2020-05-07,28,PE,Bom Conselho,2602100,city,3,6.17869,1,1,0,0.3333,48554,False,False
19,2020-05-07,31,PE,Bom Jardim,2602209,city,11,28.07268,1,5,0,0.4545,39184,False,False
19,2020-05-07,20,PE,Bonito,2602308,city,6,15.73399,1,3,0,0.5,38134,False,False
19,2020-05-07,6,PE,Brejo da Madre de Deus,2602605,city,1,1.97075,0,0,0,0.0,50742,False,False
19,2020-05-07,5,PE,Buenos Aires,2602704,city,2,15.20334,1,1,1,0.5,13155,False,False
19,2020-05-07,5,PE,Buíque,2602803,city,2,3.42595,1,0,0,0.0,58378,False,False
19,2020-05-07,35,PE,Cabo de Santo Agostinho,2602902,city,171,82.58954,38,29,10,0.1696,207048,False,False
19,2020-05-07,13,PE,Cabrobó,2603009,city,1,2.92218,0,0,0,0.0,34221,False,False
19,2020-05-07,32,PE,Cachoeirinha,2603108,city,8,39.25417,0,0,0,0.0,20380,False,False
19,2020-05-07,19,PE,Caetés,2603207,city,6,20.87755,0,0,0,0.0,28739,False,False
19,2020-05-07,42,PE,Camaragibe,2603454,city,348,220.4932,51,26,4,0.0747,157828,False,False
19,2020-05-07,15,PE,Camocim de São Félix,2603504,city,5,26.64535,2,0,0,0.0,18765,False,False
19,2020-05-07,29,PE,Capoeiras,2603801,city,2,9.97606,0,0,0,0.0,20048,False,False
19,2020-05-07,24,PE,Carnaíba,2603900,city,2,10.22966,0,2,0,1.0,19551,False,False
19,2020-05-07,12,PE,Carnaubeira da Penha,2603926,city,1,7.73276,0,0,0,0.0,12932,False,False
19,2020-05-07,29,PE,Carpina,2604007,city,24,28.69406,4,2,0,0.0833,83641,False,False
19,2020-05-07,46,PE,Caruaru,2604106,city,53,14.67664,12,7,0,0.1321,361118,False,False
19,2020-05-07,31,PE,Catende,2604205,city,7,16.32006,1,2,0,0.2857,42892,False,False
19,2020-05-07,12,PE,Cedro,2604304,city,1,8.46955,0,0,0,0.0,11807,False,False
19,2020-05-07,24,PE,Chã de Alegria,2604403,city,16,118.3607,4,1,0,0.0625,13518,False,False
19,2020-05-07,26,PE,Chã Grande,2604502,city,32,147.47903,12,1,0,0.0312,21698,False,False
19,2020-05-07,15,PE,Condado,2604601,city,14,52.98815,3,1,0,0.0714,26421,False,False
19,2020-05-07,14,PE,Correntes,2604700,city,2,10.98479,0,1,1,0.5,18207,False,False
19,2020-05-07,8,PE,Cortês,2604809,city,5,39.75195,1,1,0,0.2,12578,False,False
19,2020-05-07,8,PE,Cumaru,2604908,city,0,,0,0,0,0.0,10906,False,False
19,2020-05-07,22,PE,Cupira,2605004,city,3,12.44452,1,1,1,0.3333,24107,False,False
19,2020-05-07,19,PE,Custódia,2605103,city,12,32.33543,2,2,0,0.1667,37111,False,False
19,2020-05-07,22,PE,Escada,2605202,city,20,29.03811,8,1,0,0.05,68875,False,False
19,2020-05-07,22,PE,Feira Nova,2605400,city,8,36.14839,2,0,0,0.0,22131,False,False
19,2020-05-07,42,PE,Fernando de Noronha,2605459,city,28,914.73375,0,0,0,0.0,3061,False,False
19,2020-05-07,18,PE,Ferreiros,2605509,city,6,49.4927,3,2,2,0.3333,12123,False,False
19,2020-05-07,10,PE,Flores,2605608,city,1,4.42008,0,0,0,0.0,22624,False,False
19,2020-05-07,4,PE,Floresta,2605707,city,2,6.08402,1,2,2,1.0,32873,False,False
19,2020-05-07,29,PE,Frei Miguelinho,2605806,city,16,103.51297,10,2,0,0.125,15457,False,False
19,2020-05-07,27,PE,Gameleira,2605905,city,3,9.66121,2,1,0,0.3333,31052,False,False
19,2020-05-07,29,PE,Garanhuns,2606002,city,23,16.45349,7,4,1,0.1739,139788,False,False
19,2020-05-07,26,PE,Glória do Goitá,2606101,city,20,65.35093,3,8,4,0.4,30604,False,False
19,2020-05-07,42,PE,Goiana,2606200,city,56,70.21239,14,7,1,0.125,79758,False,False
19,2020-05-07,12,PE,Granito,2606309,city,1,13.35827,0,0,0,0.0,7486,False,False
19,2020-05-07,25,PE,Gravatá,2606408,city,17,20.22028,3,2,1,0.1176,84074,False,False
19,2020-05-07,14,PE,Ibimirim,2606606,city,7,23.9439,1,2,0,0.2857,29235,False,False
19,2020-05-07,8,PE,Ibirajuba,2606705,city,1,12.88328,0,0,0,0.0,7762,False,False
19,2020-05-07,31,PE,Igarassu,2606804,city,102,87.16533,0,12,2,0.1176,117019,False,False
19,2020-05-07,12,PE,Iguaracy,2606903,city,2,16.3559,0,0,0,0.0,12228,False,False
19,2020-05-07,24,PE,Ilha de Itamaracá,2607604,city,18,68.55054,3,0,0,0.0,26258,False,False
19,2020-05-07,55,PE,Importados/Indefinidos,,city,21,,-460,3,-58,0.1429,,False,False
19,2020-05-07,17,PE,Inajá,2607000,city,1,4.30163,0,0,0,0.0,23247,False,False
19,2020-05-07,28,PE,Ipojuca,2607208,city,44,45.73614,9,5,1,0.1136,96204,False,False
19,2020-05-07,38,PE,Ipubi,2607307,city,9,29.16964,0,0,0,0.0,30854,False,False
19,2020-05-07,17,PE,Itambé,2607653,city,3,8.23113,2,0,0,0.0,36447,False,False
19,2020-05-07,18,PE,Itapetim,2607703,city,2,14.6886,0,1,0,0.5,13616,False,False
19,2020-05-07,26,PE,Itapissuma,2607752,city,24,90.05291,15,4,2,0.1667,26651,False,False
19,2020-05-07,13,PE,Itaquitinga,2607802,city,7,41.28576,1,2,1,0.2857,16955,False,False
19,2020-05-07,52,PE,Jaboatão dos Guararapes,2607901,city,979,139.39951,226,94,18,0.096,702298,False,False
19,2020-05-07,11,PE,Jaqueira,2607950,city,2,17.15854,1,2,2,1.0,11656,False,False
19,2020-05-07,17,PE,Jataúba,2608008,city,1,5.8309,0,1,0,1.0,17150,False,False
19,2020-05-07,19,PE,Jatobá,2608057,city,2,13.51717,0,0,0,0.0,14796,False,False
19,2020-05-07,29,PE,João Alfredo,2608107,city,8,23.65324,1,0,0,0.0,33822,False,False
19,2020-05-07,6,PE,Joaquim Nabuco,2608206,city,2,12.48206,0,0,0,0.0,16023,False,False
19,2020-05-07,16,PE,Jucati,2608255,city,1,8.7535,0,0,0,0.0,11424,False,False
19,2020-05-07,19,PE,Jupi,2608305,city,2,13.48072,1,0,0,0.0,14836,False,False
19,2020-05-07,14,PE,Jurema,2608404,city,3,19.50839,0,0,0,0.0,15378,False,False
19,2020-05-07,21,PE,Lagoa de Itaenga,2608503,city,5,23.33287,2,1,0,0.2,21429,False,False
19,2020-05-07,32,PE,Lagoa do Carro,2608453,city,18,99.60711,1,2,0,0.1111,18071,False,False
19,2020-05-07,12,PE,Lagoa do Ouro,2608602,city,1,7.60746,0,0,0,0.0,13145,False,False
19,2020-05-07,25,PE,Lagoa dos Gatos,2608701,city,2,12.27747,0,1,0,0.5,16290,False,False
19,2020-05-07,12,PE,Lajedo,2608800,city,3,7.44639,0,1,0,0.3333,40288,False,False
19,2020-05-07,29,PE,Limoeiro,2608909,city,25,44.44444,2,6,1,0.24,56250,False,False
19,2020-05-07,31,PE,Macaparana,2609006,city,7,27.58512,1,2,0,0.2857,25376,False,False
19,2020-05-07,26,PE,Machados,2609105,city,5,31.07907,0,1,0,0.2,16088,False,False
19,2020-05-07,1,PE,Maraial,2609204,city,1,8.81446,1,0,0,0.0,11345,False,False
19,2020-05-07,31,PE,Moreno,2609402,city,48,76.4526,6,3,0,0.0625,62784,False,False
19,2020-05-07,16,PE,Nazaré da Mata,2609501,city,17,52.35441,5,2,1,0.1176,32471,False,False
19,2020-05-07,47,PE,Olinda,2609600,city,1014,258.3558,184,69,12,0.068,392482,False,False
19,2020-05-07,12,PE,Orobó,2609709,city,1,4.1869,0,0,0,0.0,23884,False,False
19,2020-05-07,16,PE,Orocó,2609808,city,1,6.67067,0,0,0,0.0,14991,False,False
19,2020-05-07,12,PE,Ouricuri,2609907,city,7,10.07789,3,0,0,0.0,69459,False,False
19,2020-05-07,39,PE,Palmares,2610004,city,21,33.20158,5,4,1,0.1905,63250,False,False
19,2020-05-07,16,PE,Panelas,2610202,city,4,15.10916,2,1,0,0.25,26474,False,False
19,2020-05-07,30,PE,Passira,2610509,city,18,62.2127,2,0,0,0.0,28933,False,False
19,2020-05-07,32,PE,Paudalho,2610608,city,52,92.02563,5,8,1,0.1538,56506,False,False
19,2020-05-07,35,PE,Paulista,2610707,city,708,213.39828,123,41,7,0.0579,331774,False,False
19,2020-05-07,19,PE,Pedra,2610806,city,8,35.37162,0,0,0,0.0,22617,False,False
19,2020-05-07,21,PE,Pesqueira,2610905,city,7,10.38653,0,0,0,0.0,67395,False,False
19,2020-05-07,10,PE,Petrolândia,2611002,city,2,5.47226,0,0,0,0.0,36548,False,False
19,2020-05-07,46,PE,Petrolina,2611101,city,66,18.90332,43,1,1,0.0152,349145,False,False
19,2020-05-07,19,PE,Poção,2611200,city,1,8.84799,0,0,0,0.0,11302,False,False
19,2020-05-07,29,PE,Pombos,2611309,city,37,136.57672,4,2,0,0.0541,27091,False,False
19,2020-05-07,11,PE,Primavera,2611408,city,6,40.09087,3,0,0,0.0,14966,False,False
19,2020-05-07,27,PE,Quipapá,2611507,city,1,3.84069,0,0,0,0.0,26037,False,False
19,2020-05-07,16,PE,Quixaba,2611533,city,2,29.35564,1,1,0,0.5,6813,False,False
19,2020-05-07,57,PE,Recife,2611606,city,5775,350.90875,968,354,59,0.0613,1645727,False,False
19,2020-05-07,23,PE,Ribeirão,2611804,city,11,23.19941,4,2,0,0.1818,47415,False,False
19,2020-05-07,21,PE,Rio Formoso,2611903,city,4,16.99596,0,0,0,0.0,23535,False,False
19,2020-05-07,8,PE,Sairé,2612000,city,1,10.06847,0,1,0,1.0,9932,False,False
19,2020-05-07,31,PE,Salgueiro,2612208,city,23,37.74824,6,2,1,0.087,60930,False,False
19,2020-05-07,21,PE,Sanharó,2612406,city,2,7.55801,0,0,0,0.0,26462,False,False
19,2020-05-07,1,PE,Santa Cruz,2612455,city,1,6.49435,1,0,0,0.0,15398,False,False
19,2020-05-07,27,PE,Santa Cruz do Capibaribe,2612505,city,7,6.48526,3,0,0,0.0,107937,False,False
19,2020-05-07,8,PE,Santa Maria da Boa Vista,2612604,city,1,2.38487,0,0,0,0.0,41931,False,False
19,2020-05-07,10,PE,Santa Maria do Cambucá,2612703,city,1,7.07364,0,0,0,0.0,14137,False,False
19,2020-05-07,27,PE,São Bento do Una,2613008,city,5,8.4028,0,0,0,0.0,59504,False,False
19,2020-05-07,28,PE,São Caitano,2613107,city,17,45.64371,1,0,0,0.0,37245,False,False
19,2020-05-07,8,PE,São João,2613206,city,2,8.77462,0,0,0,0.0,22793,False,False
19,2020-05-07,12,PE,São Joaquim do Monte,2613305,city,1,4.68252,0,0,0,0.0,21356,False,False
19,2020-05-07,26,PE,São José da Coroa Grande,2613404,city,16,75.12442,0,2,1,0.125,21298,False,False
19,2020-05-07,10,PE,São José do Belmonte,2613503,city,1,2.94473,0,0,0,0.0,33959,False,False
19,2020-05-07,21,PE,São José do Egito,2613602,city,3,8.83626,1,0,0,0.0,33951,False,False
19,2020-05-07,41,PE,São Lourenço da Mata,2613701,city,211,186.34637,28,32,2,0.1517,113230,False,False
19,2020-05-07,21,PE,São Vicente Ferrer,2613800,city,1,5.55001,0,0,0,0.0,18018,False,False
19,2020-05-07,28,PE,Serra Talhada,2613909,city,16,18.52924,4,0,0,0.0,86350,False,False
19,2020-05-07,27,PE,Sertânia,2614105,city,10,27.84972,2,2,1,0.2,35907,False,False
19,2020-05-07,19,PE,Sirinhaém,2614204,city,8,17.44249,1,2,0,0.25,45865,False,False
19,2020-05-07,22,PE,Surubim,2614501,city,5,7.68179,0,0,0,0.0,65089,False,False
19,2020-05-07,17,PE,Tabira,2614600,city,4,14.01836,1,2,0,0.5,28534,False,False
19,2020-05-07,15,PE,Tamandaré,2614857,city,8,34.20558,4,1,1,0.125,23388,False,False
19,2020-05-07,9,PE,Taquaritinga do Norte,2615003,city,1,3.47524,0,1,1,1.0,28775,False,False
19,2020-05-07,12,PE,Terra Nova,2615201,city,1,9.90491,0,1,0,1.0,10096,False,False
19,2020-05-07,31,PE,Timbaúba,2615300,city,23,43.37822,7,5,1,0.2174,53022,False,False
19,2020-05-07,27,PE,Toritama,2615409,city,1,2.21146,0,0,0,0.0,45219,False,False
19,2020-05-07,27,PE,Tracunhaém,2615508,city,2,14.52538,0,0,0,0.0,13769,False,False
19,2020-05-07,14,PE,Trindade,2615607,city,10,32.76433,3,2,1,0.2,30521,False,False
19,2020-05-07,23,PE,Triunfo,2615706,city,3,19.66697,1,1,1,0.3333,15254,False,False
19,2020-05-07,19,PE,Tupanatinga,2615805,city,3,10.9874,0,0,0,0.0,27304,False,False
19,2020-05-07,18,PE,Tuparetama,2615904,city,1,12.19215,0,0,0,0.0,8202,False,False
19,2020-05-07,12,PE,Venturosa,2616001,city,4,21.64268,1,1,0,0.25,18482,False,False
19,2020-05-07,21,PE,Vertentes,2616209,city,3,14.47108,2,0,0,0.0,20731,False,False
19,2020-05-07,18,PE,Vicência,2616308,city,7,21.44411,1,0,0,0.0,32643,False,False
19,2020-05-07,31,PE,Vitória de Santo Antão,2616407,city,136,98.01307,31,19,4,0.1397,138757,False,False
19,2020-05-07,15,PE,Xexéu,2616506,city,3,20.37351,0,1,0,0.3333,14725,False,False
19,2020-05-06,28,PE,Abreu e Lima,2600054,city,87,87.0087,0,4,0,0.046,99990,False,False
19,2020-05-06,8,PE,Afogados da Ingazeira,2600104,city,2,5.36783,0,0,0,0.0,37259,False,False
19,2020-05-06,8,PE,Afrânio,2600203,city,1,5.09295,0,0,0,0.0,19635,False,False
19,2020-05-06,13,PE,Agrestina,2600302,city,1,4.01849,0,1,0,1.0,24885,False,False
19,2020-05-06,11,PE,Água Preta,2600401,city,8,21.75628,0,4,0,0.5,36771,False,False
19,2020-05-06,5,PE,Águas Belas,2600500,city,3,6.9056,0,0,0,0.0,43443,False,False
19,2020-05-06,18,PE,Alagoinha,2600609,city,2,13.66494,0,0,0,0.0,14636,False,False
19,2020-05-06,36,PE,Aliança,2600708,city,11,28.65628,0,5,0,0.4545,38386,False,False
19,2020-05-06,18,PE,Altinho,2600807,city,2,8.70625,0,0,0,0.0,22972,False,False
19,2020-05-06,21,PE,Amaraji,2600906,city,7,30.66275,0,3,0,0.4286,22829,False,False
19,2020-05-06,24,PE,Araçoiaba,2601052,city,9,43.8511,0,2,0,0.2222,20524,False,False
19,2020-05-06,4,PE,Araripina,2601102,city,1,1.18458,0,0,0,0.0,84418,False,False
19,2020-05-06,29,PE,Arcoverde,2601201,city,27,36.32059,0,4,0,0.1481,74338,False,False
19,2020-05-06,6,PE,Barreiros,2601409,city,1,2.34417,0,0,0,0.0,42659,False,False
19,2020-05-06,51,PE,Belo Jardim,2601706,city,9,11.77409,0,1,0,0.1111,76439,False,False
19,2020-05-06,12,PE,Betânia,2601805,city,4,31.44901,0,0,0,0.0,12719,False,False
19,2020-05-06,24,PE,Bezerros,2601904,city,2,3.28958,0,0,0,0.0,60798,False,False
19,2020-05-06,27,PE,Bom Conselho,2602100,city,2,4.11913,0,1,0,0.5,48554,False,False
19,2020-05-06,30,PE,Bom Jardim,2602209,city,10,25.52062,0,5,0,0.5,39184,False,False
19,2020-05-06,19,PE,Bonito,2602308,city,5,13.11166,0,3,0,0.6,38134,False,False
19,2020-05-06,5,PE,Brejo da Madre de Deus,2602605,city,1,1.97075,0,0,0,0.0,50742,False,False
19,2020-05-06,4,PE,Buenos Aires,2602704,city,1,7.60167,0,0,0,0.0,13155,False,False
19,2020-05-06,4,PE,Buíque,2602803,city,1,1.71297,0,0,0,0.0,58378,False,False
19,2020-05-06,34,PE,Cabo de Santo Agostinho,2602902,city,133,64.23631,0,19,0,0.1429,207048,False,False
19,2020-05-06,12,PE,Cabrobó,2603009,city,1,2.92218,0,0,0,0.0,34221,False,False
19,2020-05-06,31,PE,Cachoeirinha,2603108,city,8,39.25417,0,0,0,0.0,20380,False,False
19,2020-05-06,18,PE,Caetés,2603207,city,6,20.87755,0,0,0,0.0,28739,False,False
19,2020-05-06,41,PE,Camaragibe,2603454,city,297,188.17954,0,22,0,0.0741,157828,False,False
19,2020-05-06,14,PE,Camocim de São Félix,2603504,city,3,15.98721,0,0,0,0.0,18765,False,False
19,2020-05-06,28,PE,Capoeiras,2603801,city,2,9.97606,0,0,0,0.0,20048,False,False
19,2020-05-06,23,PE,Carnaíba,2603900,city,2,10.22966,0,2,0,1.0,19551,False,False
19,2020-05-06,11,PE,Carnaubeira da Penha,2603926,city,1,7.73276,0,0,0,0.0,12932,False,False
19,2020-05-06,28,PE,Carpina,2604007,city,20,23.91172,0,2,0,0.1,83641,False,False
19,2020-05-06,45,PE,Caruaru,2604106,city,41,11.35363,0,7,0,0.1707,361118,False,False
19,2020-05-06,30,PE,Catende,2604205,city,6,13.98862,0,2,0,0.3333,42892,False,False
19,2020-05-06,11,PE,Cedro,2604304,city,1,8.46955,0,0,0,0.0,11807,False,False
19,2020-05-06,23,PE,Chã de Alegria,2604403,city,12,88.77053,0,1,0,0.0833,13518,False,False
19,2020-05-06,25,PE,Chã Grande,2604502,city,20,92.17439,0,1,0,0.05,21698,False,False
19,2020-05-06,14,PE,Condado,2604601,city,11,41.63355,0,1,0,0.0909,26421,False,False
19,2020-05-06,13,PE,Correntes,2604700,city,2,10.98479,0,0,0,0.0,18207,False,False
19,2020-05-06,7,PE,Cortês,2604809,city,4,31.80156,0,1,0,0.25,12578,False,False
19,2020-05-06,7,PE,Cumaru,2604908,city,0,,0,0,0,0.0,10906,False,False
19,2020-05-06,21,PE,Cupira,2605004,city,2,8.29635,0,0,0,0.0,24107,False,False
19,2020-05-06,18,PE,Custódia,2605103,city,10,26.94619,0,2,0,0.2,37111,False,False
19,2020-05-06,21,PE,Escada,2605202,city,12,17.42287,0,1,0,0.0833,68875,False,False
19,2020-05-06,21,PE,Feira Nova,2605400,city,6,27.11129,0,0,0,0.0,22131,False,False
19,2020-05-06,41,PE,Fernando de Noronha,2605459,city,28,914.73375,0,0,0,0.0,3061,False,False
19,2020-05-06,17,PE,Ferreiros,2605509,city,3,24.74635,0,0,0,0.0,12123,False,False
19,2020-05-06,9,PE,Flores,2605608,city,1,4.42008,0,0,0,0.0,22624,False,False
19,2020-05-06,3,PE,Floresta,2605707,city,1,3.04201,0,0,0,0.0,32873,False,False
19,2020-05-06,28,PE,Frei Miguelinho,2605806,city,6,38.81736,0,2,0,0.3333,15457,False,False
19,2020-05-06,26,PE,Gameleira,2605905,city,1,3.2204,0,1,0,1.0,31052,False,False
19,2020-05-06,28,PE,Garanhuns,2606002,city,16,11.4459,0,3,0,0.1875,139788,False,False
19,2020-05-06,25,PE,Glória do Goitá,2606101,city,17,55.54829,0,4,0,0.2353,30604,False,False
19,2020-05-06,41,PE,Goiana,2606200,city,42,52.65929,0,6,0,0.1429,79758,False,False
19,2020-05-06,11,PE,Granito,2606309,city,1,13.35827,0,0,0,0.0,7486,False,False
19,2020-05-06,24,PE,Gravatá,2606408,city,14,16.652,0,1,0,0.0714,84074,False,False
19,2020-05-06,13,PE,Ibimirim,2606606,city,6,20.52335,0,2,0,0.3333,29235,False,False
19,2020-05-06,7,PE,Ibirajuba,2606705,city,1,12.88328,0,0,0,0.0,7762,False,False
19,2020-05-06,30,PE,Igarassu,2606804,city,102,87.16533,0,10,0,0.098,117019,False,False
19,2020-05-06,11,PE,Iguaracy,2606903,city,2,16.3559,0,0,0,0.0,12228,False,False
19,2020-05-06,23,PE,Ilha de Itamaracá,2607604,city,15,57.12545,0,0,0,0.0,26258,False,False
19,2020-05-06,54,PE,Importados/Indefinidos,,city,481,,0,61,0,0.1268,,False,False
19,2020-05-06,16,PE,Inajá,2607000,city,1,4.30163,0,0,0,0.0,23247,False,False
19,2020-05-06,27,PE,Ipojuca,2607208,city,35,36.38102,0,4,0,0.1143,96204,False,False
19,2020-05-06,37,PE,Ipubi,2607307,city,9,29.16964,0,0,0,0.0,30854,False,False
19,2020-05-06,16,PE,Itambé,2607653,city,1,2.74371,0,0,0,0.0,36447,False,False
19,2020-05-06,17,PE,Itapetim,2607703,city,2,14.6886,0,1,0,0.5,13616,False,False
19,2020-05-06,25,PE,Itapissuma,2607752,city,9,33.76984,0,2,0,0.2222,26651,False,False
19,2020-05-06,12,PE,Itaquitinga,2607802,city,6,35.38779,0,1,0,0.1667,16955,False,False
19,2020-05-06,51,PE,Jaboatão dos Guararapes,2607901,city,753,107.21944,0,76,0,0.1009,702298,False,False
19,2020-05-06,10,PE,Jaqueira,2607950,city,1,8.57927,0,0,0,0.0,11656,False,False
19,2020-05-06,16,PE,Jataúba,2608008,city,1,5.8309,0,1,0,1.0,17150,False,False
19,2020-05-06,18,PE,Jatobá,2608057,city,2,13.51717,0,0,0,0.0,14796,False,False
19,2020-05-06,28,PE,João Alfredo,2608107,city,7,20.69659,0,0,0,0.0,33822,False,False
19,2020-05-06,5,PE,Joaquim Nabuco,2608206,city,2,12.48206,0,0,0,0.0,16023,False,False
19,2020-05-06,15,PE,Jucati,2608255,city,1,8.7535,0,0,0,0.0,11424,False,False
19,2020-05-06,18,PE,Jupi,2608305,city,1,6.74036,0,0,0,0.0,14836,False,False
19,2020-05-06,13,PE,Jurema,2608404,city,3,19.50839,0,0,0,0.0,15378,False,False
19,2020-05-06,20,PE,Lagoa de Itaenga,2608503,city,3,13.99972,0,1,0,0.3333,21429,False,False
19,2020-05-06,31,PE,Lagoa do Carro,2608453,city,17,94.07338,0,2,0,0.1176,18071,False,False
19,2020-05-06,11,PE,Lagoa do Ouro,2608602,city,1,7.60746,0,0,0,0.0,13145,False,False
19,2020-05-06,24,PE,Lagoa dos Gatos,2608701,city,2,12.27747,0,1,0,0.5,16290,False,False
19,2020-05-06,11,PE,Lajedo,2608800,city,3,7.44639,0,1,0,0.3333,40288,False,False
19,2020-05-06,28,PE,Limoeiro,2608909,city,23,40.88889,0,5,0,0.2174,56250,False,False
19,2020-05-06,30,PE,Macaparana,2609006,city,6,23.64439,0,2,0,0.3333,25376,False,False
19,2020-05-06,25,PE,Machados,2609105,city,5,31.07907,0,1,0,0.2,16088,False,False
19,2020-05-06,30,PE,Moreno,2609402,city,42,66.89602,0,3,0,0.0714,62784,False,False
19,2020-05-06,15,PE,Nazaré da Mata,2609501,city,12,36.95605,0,1,0,0.0833,32471,False,False
19,2020-05-06,46,PE,Olinda,2609600,city,830,211.47467,0,57,0,0.0687,392482,False,False
19,2020-05-06,11,PE,Orobó,2609709,city,1,4.1869,0,0,0,0.0,23884,False,False
19,2020-05-06,15,PE,Orocó,2609808,city,1,6.67067,0,0,0,0.0,14991,False,False
19,2020-05-06,11,PE,Ouricuri,2609907,city,4,5.75879,0,0,0,0.0,69459,False,False
19,2020-05-06,38,PE,Palmares,2610004,city,16,25.29644,0,3,0,0.1875,63250,False,False
19,2020-05-06,15,PE,Panelas,2610202,city,2,7.55458,0,1,0,0.5,26474,False,False
19,2020-05-06,29,PE,Passira,2610509,city,16,55.30018,0,0,0,0.0,28933,False,False
19,2020-05-06,31,PE,Paudalho,2610608,city,47,83.17701,0,7,0,0.1489,56506,False,False
19,2020-05-06,34,PE,Paulista,2610707,city,585,176.32485,0,34,0,0.0581,331774,False,False
19,2020-05-06,18,PE,Pedra,2610806,city,8,35.37162,0,0,0,0.0,22617,False,False
19,2020-05-06,20,PE,Pesqueira,2610905,city,7,10.38653,0,0,0,0.0,67395,False,False
19,2020-05-06,9,PE,Petrolândia,2611002,city,2,5.47226,0,0,0,0.0,36548,False,False
19,2020-05-06,45,PE,Petrolina,2611101,city,23,6.58752,0,0,0,0.0,349145,False,False
19,2020-05-06,18,PE,Poção,2611200,city,1,8.84799,0,0,0,0.0,11302,False,False
19,2020-05-06,28,PE,Pombos,2611309,city,33,121.81167,0,2,0,0.0606,27091,False,False
19,2020-05-06,10,PE,Primavera,2611408,city,3,20.04544,0,0,0,0.0,14966,False,False
19,2020-05-06,26,PE,Quipapá,2611507,city,1,3.84069,0,0,0,0.0,26037,False,False
19,2020-05-06,15,PE,Quixaba,2611533,city,1,14.67782,0,1,0,1.0,6813,False,False
19,2020-05-06,56,PE,Recife,2611606,city,4807,292.08976,0,295,0,0.0614,1645727,False,False
19,2020-05-06,22,PE,Ribeirão,2611804,city,7,14.76326,0,2,0,0.2857,47415,False,False
19,2020-05-06,20,PE,Rio Formoso,2611903,city,4,16.99596,0,0,0,0.0,23535,False,False
19,2020-05-06,7,PE,Sairé,2612000,city,1,10.06847,0,1,0,1.0,9932,False,False
19,2020-05-06,30,PE,Salgueiro,2612208,city,17,27.90087,0,1,0,0.0588,60930,False,False
19,2020-05-06,20,PE,Sanharó,2612406,city,2,7.55801,0,0,0,0.0,26462,False,False
19,2020-05-06,26,PE,Santa Cruz do Capibaribe,2612505,city,4,3.70587,0,0,0,0.0,107937,False,False
19,2020-05-06,7,PE,Santa Maria da Boa Vista,2612604,city,1,2.38487,0,0,0,0.0,41931,False,False
19,2020-05-06,9,PE,Santa Maria do Cambucá,2612703,city,1,7.07364,0,0,0,0.0,14137,False,False
19,2020-05-06,26,PE,São Bento do Una,2613008,city,5,8.4028,0,0,0,0.0,59504,False,False
19,2020-05-06,27,PE,São Caitano,2613107,city,16,42.95879,0,0,0,0.0,37245,False,False
19,2020-05-06,7,PE,São João,2613206,city,2,8.77462,0,0,0,0.0,22793,False,False
19,2020-05-06,11,PE,São Joaquim do Monte,2613305,city,1,4.68252,0,0,0,0.0,21356,False,False
19,2020-05-06,25,PE,São José da Coroa Grande,2613404,city,16,75.12442,0,1,0,0.0625,21298,False,False
19,2020-05-06,9,PE,São José do Belmonte,2613503,city,1,2.94473,0,0,0,0.0,33959,False,False
19,2020-05-06,20,PE,São José do Egito,2613602,city,2,5.89084,0,0,0,0.0,33951,False,False
19,2020-05-06,40,PE,São Lourenço da Mata,2613701,city,183,161.61795,0,30,0,0.1639,113230,False,False
19,2020-05-06,20,PE,São Vicente Ferrer,2613800,city,1,5.55001,0,0,0,0.0,18018,False,False
19,2020-05-06,27,PE,Serra Talhada,2613909,city,12,13.89693,0,0,0,0.0,86350,False,False
19,2020-05-06,26,PE,Sertânia,2614105,city,8,22.27978,0,1,0,0.125,35907,False,False
19,2020-05-06,18,PE,Sirinhaém,2614204,city,7,15.26218,0,2,0,0.2857,45865,False,False
19,2020-05-06,21,PE,Surubim,2614501,city,5,7.68179,0,0,0,0.0,65089,False,False
19,2020-05-06,16,PE,Tabira,2614600,city,3,10.51377,0,2,0,0.6667,28534,False,False
19,2020-05-06,14,PE,Tamandaré,2614857,city,4,17.10279,0,0,0,0.0,23388,False,False
19,2020-05-06,8,PE,Taquaritinga do Norte,2615003,city,1,3.47524,0,0,0,0.0,28775,False,False
19,2020-05-06,11,PE,Terra Nova,2615201,city,1,9.90491,0,1,0,1.0,10096,False,False
19,2020-05-06,30,PE,Timbaúba,2615300,city,16,30.17615,0,4,0,0.25,53022,False,False
19,2020-05-06,26,PE,Toritama,2615409,city,1,2.21146,0,0,0,0.0,45219,False,False
19,2020-05-06,26,PE,Tracunhaém,2615508,city,2,14.52538,0,0,0,0.0,13769,False,False
19,2020-05-06,13,PE,Trindade,2615607,city,7,22.93503,0,1,0,0.1429,30521,False,False
19,2020-05-06,22,PE,Triunfo,2615706,city,2,13.11132,0,0,0,0.0,15254,False,False
19,2020-05-06,18,PE,Tupanatinga,2615805,city,3,10.9874,0,0,0,0.0,27304,False,False
19,2020-05-06,17,PE,Tuparetama,2615904,city,1,12.19215,0,0,0,0.0,8202,False,False
19,2020-05-06,11,PE,Venturosa,2616001,city,3,16.23201,0,1,0,0.3333,18482,False,False
19,2020-05-06,20,PE,Vertentes,2616209,city,1,4.82369,0,0,0,0.0,20731,False,False
19,2020-05-06,17,PE,Vicência,2616308,city,6,18.38066,0,0,0,0.0,32643,False,False
19,2020-05-06,30,PE,Vitória de Santo Antão,2616407,city,105,75.67186,0,15,0,0.1429,138757,False,False
19,2020-05-06,14,PE,Xexéu,2616506,city,3,20.37351,0,1,0,0.3333,14725,False,False
19,2020-05-05,27,PE,Abreu e Lima,2600054,city,87,87.0087,0,4,0,0.046,99990,False,False
19,2020-05-05,7,PE,Afogados da Ingazeira,2600104,city,2,5.36783,0,0,0,0.0,37259,False,False
19,2020-05-05,7,PE,Afrânio,2600203,city,1,5.09295,0,0,0,0.0,19635,False,False
19,2020-05-05,12,PE,Agrestina,2600302,city,1,4.01849,0,1,0,1.0,24885,False,False
19,2020-05-05,10,PE,Água Preta,2600401,city,8,21.75628,0,4,0,0.5,36771,False,False
19,2020-05-05,4,PE,Águas Belas,2600500,city,3,6.9056,0,0,0,0.0,43443,False,False
19,2020-05-05,17,PE,Alagoinha,2600609,city,2,13.66494,0,0,0,0.0,14636,False,False
19,2020-05-05,35,PE,Aliança,2600708,city,11,28.65628,0,5,0,0.4545,38386,False,False
19,2020-05-05,17,PE,Altinho,2600807,city,2,8.70625,0,0,0,0.0,22972,False,False
19,2020-05-05,20,PE,Amaraji,2600906,city,7,30.66275,0,3,0,0.4286,22829,False,False
19,2020-05-05,23,PE,Araçoiaba,2601052,city,9,43.8511,0,2,0,0.2222,20524,False,False
19,2020-05-05,3,PE,Araripina,2601102,city,1,1.18458,0,0,0,0.0,84418,False,False
19,2020-05-05,28,PE,Arcoverde,2601201,city,27,36.32059,0,4,0,0.1481,74338,False,False
19,2020-05-05,5,PE,Barreiros,2601409,city,1,2.34417,0,0,0,0.0,42659,False,False
19,2020-05-05,50,PE,Belo Jardim,2601706,city,9,11.77409,0,1,0,0.1111,76439,False,False
19,2020-05-05,11,PE,Betânia,2601805,city,4,31.44901,0,0,0,0.0,12719,False,False
19,2020-05-05,23,PE,Bezerros,2601904,city,2,3.28958,0,0,0,0.0,60798,False,False
19,2020-05-05,26,PE,Bom Conselho,2602100,city,2,4.11913,0,1,0,0.5,48554,False,False
19,2020-05-05,29,PE,Bom Jardim,2602209,city,10,25.52062,0,5,0,0.5,39184,False,False
19,2020-05-05,18,PE,Bonito,2602308,city,5,13.11166,0,3,0,0.6,38134,False,False
19,2020-05-05,4,PE,Brejo da Madre de Deus,2602605,city,1,1.97075,0,0,0,0.0,50742,False,False
19,2020-05-05,3,PE,Buenos Aires,2602704,city,1,7.60167,0,0,0,0.0,13155,False,False
19,2020-05-05,3,PE,Buíque,2602803,city,1,1.71297,0,0,0,0.0,58378,False,False
19,2020-05-05,33,PE,Cabo de Santo Agostinho,2602902,city,133,64.23631,0,19,0,0.1429,207048,False,False
19,2020-05-05,11,PE,Cabrobó,2603009,city,1,2.92218,0,0,0,0.0,34221,False,False
19,2020-05-05,30,PE,Cachoeirinha,2603108,city,8,39.25417,0,0,0,0.0,20380,False,False
19,2020-05-05,17,PE,Caetés,2603207,city,6,20.87755,0,0,0,0.0,28739,False,False
19,2020-05-05,40,PE,Camaragibe,2603454,city,297,188.17954,0,22,0,0.0741,157828,False,False
19,2020-05-05,13,PE,Camocim de São Félix,2603504,city,3,15.98721,0,0,0,0.0,18765,False,False
19,2020-05-05,27,PE,Capoeiras,2603801,city,2,9.97606,0,0,0,0.0,20048,False,False
19,2020-05-05,22,PE,Carnaíba,2603900,city,2,10.22966,0,2,0,1.0,19551,False,False
19,2020-05-05,10,PE,Carnaubeira da Penha,2603926,city,1,7.73276,0,0,0,0.0,12932,False,False
19,2020-05-05,27,PE,Carpina,2604007,city,20,23.91172,0,2,0,0.1,83641,False,False
19,2020-05-05,44,PE,Caruaru,2604106,city,41,11.35363,0,7,0,0.1707,361118,False,False
19,2020-05-05,29,PE,Catende,2604205,city,6,13.98862,0,2,0,0.3333,42892,False,False
19,2020-05-05,10,PE,Cedro,2604304,city,1,8.46955,0,0,0,0.0,11807,False,False
19,2020-05-05,22,PE,Chã de Alegria,2604403,city,12,88.77053,0,1,0,0.0833,13518,False,False
19,2020-05-05,24,PE,Chã Grande,2604502,city,20,92.17439,0,1,0,0.05,21698,False,False
19,2020-05-05,13,PE,Condado,2604601,city,11,41.63355,0,1,0,0.0909,26421,False,False
19,2020-05-05,12,PE,Correntes,2604700,city,2,10.98479,0,0,0,0.0,18207,False,False
19,2020-05-05,6,PE,Cortês,2604809,city,4,31.80156,0,1,0,0.25,12578,False,False
19,2020-05-05,6,PE,Cumaru,2604908,city,0,,0,0,0,0.0,10906,False,False
19,2020-05-05,20,PE,Cupira,2605004,city,2,8.29635,0,0,0,0.0,24107,False,False
19,2020-05-05,17,PE,Custódia,2605103,city,10,26.94619,0,2,0,0.2,37111,False,False
19,2020-05-05,20,PE,Escada,2605202,city,12,17.42287,0,1,0,0.0833,68875,False,False
19,2020-05-05,20,PE,Feira Nova,2605400,city,6,27.11129,0,0,0,0.0,22131,False,False
19,2020-05-05,40,PE,Fernando de Noronha,2605459,city,28,914.73375,0,0,0,0.0,3061,False,False
19,2020-05-05,16,PE,Ferreiros,2605509,city,3,24.74635,0,0,0,0.0,12123,False,False
19,2020-05-05,8,PE,Flores,2605608,city,1,4.42008,0,0,0,0.0,22624,False,False
19,2020-05-05,2,PE,Floresta,2605707,city,1,3.04201,0,0,0,0.0,32873,False,False
19,2020-05-05,27,PE,Frei Miguelinho,2605806,city,6,38.81736,0,2,0,0.3333,15457,False,False
19,2020-05-05,25,PE,Gameleira,2605905,city,1,3.2204,0,1,0,1.0,31052,False,False
19,2020-05-05,27,PE,Garanhuns,2606002,city,16,11.4459,0,3,0,0.1875,139788,False,False
19,2020-05-05,24,PE,Glória do Goitá,2606101,city,17,55.54829,0,4,0,0.2353,30604,False,False
19,2020-05-05,40,PE,Goiana,2606200,city,42,52.65929,0,6,0,0.1429,79758,False,False
19,2020-05-05,10,PE,Granito,2606309,city,1,13.35827,0,0,0,0.0,7486,False,False
19,2020-05-05,23,PE,Gravatá,2606408,city,14,16.652,0,1,0,0.0714,84074,False,False
19,2020-05-05,12,PE,Ibimirim,2606606,city,6,20.52335,0,2,0,0.3333,29235,False,False
19,2020-05-05,6,PE,Ibirajuba,2606705,city,1,12.88328,0,0,0,0.0,7762,False,False
19,2020-05-05,29,PE,Igarassu,2606804,city,102,87.16533,0,10,0,0.098,117019,False,False
19,2020-05-05,10,PE,Iguaracy,2606903,city,2,16.3559,0,0,0,0.0,12228,False,False
19,2020-05-05,22,PE,Ilha de Itamaracá,2607604,city,15,57.12545,0,0,0,0.0,26258,False,False
19,2020-05-05,53,PE,Importados/Indefinidos,,city,481,,462,61,58,0.1268,,False,False
19,2020-05-05,15,PE,Inajá,2607000,city,1,4.30163,0,0,0,0.0,23247,False,False
19,2020-05-05,26,PE,Ipojuca,2607208,city,35,36.38102,0,4,0,0.1143,96204,False,False
19,2020-05-05,36,PE,Ipubi,2607307,city,9,29.16964,0,0,0,0.0,30854,False,False
19,2020-05-05,15,PE,Itambé,2607653,city,1,2.74371,0,0,0,0.0,36447,False,False
19,2020-05-05,16,PE,Itapetim,2607703,city,2,14.6886,0,1,0,0.5,13616,False,False
19,2020-05-05,24,PE,Itapissuma,2607752,city,9,33.76984,0,2,0,0.2222,26651,False,False
19,2020-05-05,11,PE,Itaquitinga,2607802,city,6,35.38779,0,1,0,0.1667,16955,False,False
19,2020-05-05,50,PE,Jaboatão dos Guararapes,2607901,city,753,107.21944,0,76,0,0.1009,702298,False,False
19,2020-05-05,9,PE,Jaqueira,2607950,city,1,8.57927,0,0,0,0.0,11656,False,False
19,2020-05-05,15,PE,Jataúba,2608008,city,1,5.8309,0,1,0,1.0,17150,False,False
19,2020-05-05,17,PE,Jatobá,2608057,city,2,13.51717,0,0,0,0.0,14796,False,False
19,2020-05-05,27,PE,João Alfredo,2608107,city,7,20.69659,0,0,0,0.0,33822,False,False
19,2020-05-05,4,PE,Joaquim Nabuco,2608206,city,2,12.48206,0,0,0,0.0,16023,False,False
19,2020-05-05,14,PE,Jucati,2608255,city,1,8.7535,0,0,0,0.0,11424,False,False
19,2020-05-05,17,PE,Jupi,2608305,city,1,6.74036,0,0,0,0.0,14836,False,False
19,2020-05-05,12,PE,Jurema,2608404,city,3,19.50839,0,0,0,0.0,15378,False,False
19,2020-05-05,19,PE,Lagoa de Itaenga,2608503,city,3,13.99972,0,1,0,0.3333,21429,False,False
19,2020-05-05,30,PE,Lagoa do Carro,2608453,city,17,94.07338,0,2,0,0.1176,18071,False,False
19,2020-05-05,10,PE,Lagoa do Ouro,2608602,city,1,7.60746,0,0,0,0.0,13145,False,False
19,2020-05-05,23,PE,Lagoa dos Gatos,2608701,city,2,12.27747,0,1,0,0.5,16290,False,False
19,2020-05-05,10,PE,Lajedo,2608800,city,3,7.44639,0,1,0,0.3333,40288,False,False
19,2020-05-05,27,PE,Limoeiro,2608909,city,23,40.88889,0,5,0,0.2174,56250,False,False
19,2020-05-05,29,PE,Macaparana,2609006,city,6,23.64439,0,2,0,0.3333,25376,False,False
19,2020-05-05,24,PE,Machados,2609105,city,5,31.07907,0,1,0,0.2,16088,False,False
19,2020-05-05,29,PE,Moreno,2609402,city,42,66.89602,0,3,0,0.0714,62784,False,False
19,2020-05-05,14,PE,Nazaré da Mata,2609501,city,12,36.95605,0,1,0,0.0833,32471,False,False
19,2020-05-05,45,PE,Olinda,2609600,city,830,211.47467,0,57,0,0.0687,392482,False,False
19,2020-05-05,10,PE,Orobó,2609709,city,1,4.1869,0,0,0,0.0,23884,False,False
19,2020-05-05,14,PE,Orocó,2609808,city,1,6.67067,0,0,0,0.0,14991,False,False
19,2020-05-05,10,PE,Ouricuri,2609907,city,4,5.75879,0,0,0,0.0,69459,False,False
19,2020-05-05,37,PE,Palmares,2610004,city,16,25.29644,0,3,0,0.1875,63250,False,False
19,2020-05-05,14,PE,Panelas,2610202,city,2,7.55458,0,1,0,0.5,26474,False,False
19,2020-05-05,28,PE,Passira,2610509,city,16,55.30018,0,0,0,0.0,28933,False,False
19,2020-05-05,30,PE,Paudalho,2610608,city,47,83.17701,0,7,0,0.1489,56506,False,False
19,2020-05-05,33,PE,Paulista,2610707,city,585,176.32485,0,34,0,0.0581,331774,False,False
19,2020-05-05,17,PE,Pedra,2610806,city,8,35.37162,0,0,0,0.0,22617,False,False
19,2020-05-05,19,PE,Pesqueira,2610905,city,7,10.38653,0,0,0,0.0,67395,False,False
19,2020-05-05,8,PE,Petrolândia,2611002,city,2,5.47226,0,0,0,0.0,36548,False,False
19,2020-05-05,44,PE,Petrolina,2611101,city,23,6.58752,0,0,0,0.0,349145,False,False
19,2020-05-05,17,PE,Poção,2611200,city,1,8.84799,0,0,0,0.0,11302,False,False
19,2020-05-05,27,PE,Pombos,2611309,city,33,121.81167,0,2,0,0.0606,27091,False,False
19,2020-05-05,9,PE,Primavera,2611408,city,3,20.04544,0,0,0,0.0,14966,False,False
19,2020-05-05,25,PE,Quipapá,2611507,city,1,3.84069,0,0,0,0.0,26037,False,False
19,2020-05-05,14,PE,Quixaba,2611533,city,1,14.67782,0,1,0,1.0,6813,False,False
19,2020-05-05,55,PE,Recife,2611606,city,4807,292.08976,0,295,0,0.0614,1645727,False,False
19,2020-05-05,21,PE,Ribeirão,2611804,city,7,14.76326,0,2,0,0.2857,47415,False,False
19,2020-05-05,19,PE,Rio Formoso,2611903,city,4,16.99596,0,0,0,0.0,23535,False,False
19,2020-05-05,6,PE,Sairé,2612000,city,1,10.06847,0,1,0,1.0,9932,False,False
19,2020-05-05,29,PE,Salgueiro,2612208,city,17,27.90087,0,1,0,0.0588,60930,False,False
19,2020-05-05,19,PE,Sanharó,2612406,city,2,7.55801,0,0,0,0.0,26462,False,False
19,2020-05-05,25,PE,Santa Cruz do Capibaribe,2612505,city,4,3.70587,0,0,0,0.0,107937,False,False
19,2020-05-05,6,PE,Santa Maria da Boa Vista,2612604,city,1,2.38487,0,0,0,0.0,41931,False,False
19,2020-05-05,8,PE,Santa Maria do Cambucá,2612703,city,1,7.07364,0,0,0,0.0,14137,False,False
19,2020-05-05,25,PE,São Bento do Una,2613008,city,5,8.4028,0,0,0,0.0,59504,False,False
19,2020-05-05,26,PE,São Caitano,2613107,city,16,42.95879,0,0,0,0.0,37245,False,False
19,2020-05-05,6,PE,São João,2613206,city,2,8.77462,0,0,0,0.0,22793,False,False
19,2020-05-05,10,PE,São Joaquim do Monte,2613305,city,1,4.68252,0,0,0,0.0,21356,False,False
19,2020-05-05,24,PE,São José da Coroa Grande,2613404,city,16,75.12442,0,1,0,0.0625,21298,False,False
19,2020-05-05,8,PE,São José do Belmonte,2613503,city,1,2.94473,0,0,0,0.0,33959,False,False
19,2020-05-05,19,PE,São José do Egito,2613602,city,2,5.89084,0,0,0,0.0,33951,False,False
19,2020-05-05,39,PE,São Lourenço da Mata,2613701,city,183,161.61795,0,30,0,0.1639,113230,False,False
19,2020-05-05,19,PE,São Vicente Ferrer,2613800,city,1,5.55001,0,0,0,0.0,18018,False,False
19,2020-05-05,26,PE,Serra Talhada,2613909,city,12,13.89693,0,0,0,0.0,86350,False,False
19,2020-05-05,25,PE,Sertânia,2614105,city,8,22.27978,0,1,0,0.125,35907,False,False
19,2020-05-05,17,PE,Sirinhaém,2614204,city,7,15.26218,0,2,0,0.2857,45865,False,False
19,2020-05-05,20,PE,Surubim,2614501,city,5,7.68179,0,0,0,0.0,65089,False,False
19,2020-05-05,15,PE,Tabira,2614600,city,3,10.51377,0,2,0,0.6667,28534,False,False
19,2020-05-05,13,PE,Tamandaré,2614857,city,4,17.10279,0,0,0,0.0,23388,False,False
19,2020-05-05,7,PE,Taquaritinga do Norte,2615003,city,1,3.47524,0,0,0,0.0,28775,False,False
19,2020-05-05,10,PE,Terra Nova,2615201,city,1,9.90491,0,1,0,1.0,10096,False,False
19,2020-05-05,29,PE,Timbaúba,2615300,city,16,30.17615,0,4,0,0.25,53022,False,False
19,2020-05-05,25,PE,Toritama,2615409,city,1,2.21146,0,0,0,0.0,45219,False,False
19,2020-05-05,25,PE,Tracunhaém,2615508,city,2,14.52538,0,0,0,0.0,13769,False,False
19,2020-05-05,12,PE,Trindade,2615607,city,7,22.93503,0,1,0,0.1429,30521,False,False
19,2020-05-05,21,PE,Triunfo,2615706,city,2,13.11132,0,0,0,0.0,15254,False,False
19,2020-05-05,17,PE,Tupanatinga,2615805,city,3,10.9874,0,0,0,0.0,27304,False,False
19,2020-05-05,16,PE,Tuparetama,2615904,city,1,12.19215,0,0,0,0.0,8202,False,False
19,2020-05-05,10,PE,Venturosa,2616001,city,3,16.23201,0,1,0,0.3333,18482,False,False
19,2020-05-05,19,PE,Vertentes,2616209,city,1,4.82369,0,0,0,0.0,20731,False,False
19,2020-05-05,16,PE,Vicência,2616308,city,6,18.38066,0,0,0,0.0,32643,False,False
19,2020-05-05,29,PE,Vitória de Santo Antão,2616407,city,105,75.67186,0,15,0,0.1429,138757,False,False
19,2020-05-05,13,PE,Xexéu,2616506,city,3,20.37351,0,1,0,0.3333,14725,False,False
19,2020-05-04,26,PE,Abreu e Lima,2600054,city,87,87.0087,0,4,0,0.046,99990,False,False
19,2020-05-04,6,PE,Afogados da Ingazeira,2600104,city,2,5.36783,0,0,0,0.0,37259,False,False
19,2020-05-04,6,PE,Afrânio,2600203,city,1,5.09295,0,0,0,0.0,19635,False,False
19,2020-05-04,11,PE,Agrestina,2600302,city,1,4.01849,0,1,0,1.0,24885,False,False
19,2020-05-04,9,PE,Água Preta,2600401,city,8,21.75628,1,4,0,0.5,36771,False,False
19,2020-05-04,3,PE,Águas Belas,2600500,city,3,6.9056,0,0,0,0.0,43443,False,False
19,2020-05-04,16,PE,Alagoinha,2600609,city,2,13.66494,0,0,0,0.0,14636,False,False
19,2020-05-04,34,PE,Aliança,2600708,city,11,28.65628,1,5,1,0.4545,38386,False,False
19,2020-05-04,16,PE,Altinho,2600807,city,2,8.70625,0,0,0,0.0,22972,False,False
19,2020-05-04,19,PE,Amaraji,2600906,city,7,30.66275,1,3,0,0.4286,22829,False,False
19,2020-05-04,22,PE,Araçoiaba,2601052,city,9,43.8511,1,2,0,0.2222,20524,False,False
19,2020-05-04,2,PE,Araripina,2601102,city,1,1.18458,0,0,0,0.0,84418,False,False
19,2020-05-04,27,PE,Arcoverde,2601201,city,27,36.32059,0,4,0,0.1481,74338,False,False
19,2020-05-04,4,PE,Barreiros,2601409,city,1,2.34417,0,0,0,0.0,42659,False,False
19,2020-05-04,49,PE,Belo Jardim,2601706,city,9,11.77409,0,1,0,0.1111,76439,False,False
19,2020-05-04,10,PE,Betânia,2601805,city,4,31.44901,0,0,0,0.0,12719,False,False
19,2020-05-04,22,PE,Bezerros,2601904,city,2,3.28958,1,0,0,0.0,60798,False,False
19,2020-05-04,25,PE,Bom Conselho,2602100,city,2,4.11913,0,1,0,0.5,48554,False,False
19,2020-05-04,28,PE,Bom Jardim,2602209,city,10,25.52062,0,5,0,0.5,39184,False,False
19,2020-05-04,17,PE,Bonito,2602308,city,5,13.11166,0,3,0,0.6,38134,False,False
19,2020-05-04,3,PE,Brejo da Madre de Deus,2602605,city,1,1.97075,0,0,0,0.0,50742,False,False
19,2020-05-04,2,PE,Buenos Aires,2602704,city,1,7.60167,0,0,0,0.0,13155,False,False
19,2020-05-04,2,PE,Buíque,2602803,city,1,1.71297,0,0,0,0.0,58378,False,False
19,2020-05-04,32,PE,Cabo de Santo Agostinho,2602902,city,133,64.23631,1,19,0,0.1429,207048,False,False
19,2020-05-04,10,PE,Cabrobó,2603009,city,1,2.92218,0,0,0,0.0,34221,False,False
19,2020-05-04,29,PE,Cachoeirinha,2603108,city,8,39.25417,0,0,0,0.0,20380,False,False
19,2020-05-04,16,PE,Caetés,2603207,city,6,20.87755,0,0,0,0.0,28739,False,False
19,2020-05-04,39,PE,Camaragibe,2603454,city,297,188.17954,5,22,2,0.0741,157828,False,False
19,2020-05-04,12,PE,Camocim de São Félix,2603504,city,3,15.98721,0,0,0,0.0,18765,False,False
19,2020-05-04,26,PE,Capoeiras,2603801,city,2,9.97606,0,0,0,0.0,20048,False,False
19,2020-05-04,21,PE,Carnaíba,2603900,city,2,10.22966,-1,2,0,1.0,19551,False,False
19,2020-05-04,9,PE,Carnaubeira da Penha,2603926,city,1,7.73276,0,0,0,0.0,12932,False,False
19,2020-05-04,26,PE,Carpina,2604007,city,20,23.91172,0,2,1,0.1,83641,False,False
19,2020-05-04,43,PE,Caruaru,2604106,city,41,11.35363,3,7,1,0.1707,361118,False,False
19,2020-05-04,28,PE,Catende,2604205,city,6,13.98862,1,2,0,0.3333,42892,False,False
19,2020-05-04,9,PE,Cedro,2604304,city,1,8.46955,0,0,0,0.0,11807,False,False
19,2020-05-04,21,PE,Chã de Alegria,2604403,city,12,88.77053,0,1,0,0.0833,13518,False,False
19,2020-05-04,23,PE,Chã Grande,2604502,city,20,92.17439,0,1,0,0.05,21698,False,False
19,2020-05-04,12,PE,Condado,2604601,city,11,41.63355,0,1,0,0.0909,26421,False,False
19,2020-05-04,11,PE,Correntes,2604700,city,2,10.98479,0,0,0,0.0,18207,False,False
19,2020-05-04,5,PE,Cortês,2604809,city,4,31.80156,2,1,1,0.25,12578,False,False
19,2020-05-04,5,PE,Cumaru,2604908,city,0,,0,0,0,0.0,10906,False,False
19,2020-05-04,19,PE,Cupira,2605004,city,2,8.29635,0,0,0,0.0,24107,False,False
19,2020-05-04,16,PE,Custódia,2605103,city,10,26.94619,0,2,0,0.2,37111,False,False
19,2020-05-04,19,PE,Escada,2605202,city,12,17.42287,1,1,0,0.0833,68875,False,False
19,2020-05-04,19,PE,Feira Nova,2605400,city,6,27.11129,1,0,0,0.0,22131,False,False
19,2020-05-04,39,PE,Fernando de Noronha,2605459,city,28,914.73375,0,0,0,0.0,3061,False,False
19,2020-05-04,15,PE,Ferreiros,2605509,city,3,24.74635,1,0,0,0.0,12123,False,False
19,2020-05-04,7,PE,Flores,2605608,city,1,4.42008,0,0,0,0.0,22624,False,False
19,2020-05-04,1,PE,Floresta,2605707,city,1,3.04201,1,0,0,0.0,32873,False,False
19,2020-05-04,26,PE,Frei Miguelinho,2605806,city,6,38.81736,0,2,0,0.3333,15457,False,False
19,2020-05-04,24,PE,Gameleira,2605905,city,1,3.2204,0,1,0,1.0,31052,False,False
19,2020-05-04,26,PE,Garanhuns,2606002,city,16,11.4459,0,3,0,0.1875,139788,False,False
19,2020-05-04,23,PE,Glória do Goitá,2606101,city,17,55.54829,0,4,0,0.2353,30604,False,False
19,2020-05-04,39,PE,Goiana,2606200,city,42,52.65929,1,6,0,0.1429,79758,False,False
19,2020-05-04,9,PE,Granito,2606309,city,1,13.35827,0,0,0,0.0,7486,False,False
19,2020-05-04,22,PE,Gravatá,2606408,city,14,16.652,0,1,0,0.0714,84074,False,False
19,2020-05-04,11,PE,Ibimirim,2606606,city,6,20.52335,1,2,0,0.3333,29235,False,False
19,2020-05-04,5,PE,Ibirajuba,2606705,city,1,12.88328,0,0,0,0.0,7762,False,False
19,2020-05-04,28,PE,Igarassu,2606804,city,102,87.16533,5,10,0,0.098,117019,False,False
19,2020-05-04,9,PE,Iguaracy,2606903,city,2,16.3559,1,0,0,0.0,12228,False,False
19,2020-05-04,21,PE,Ilha de Itamaracá,2607604,city,15,57.12545,0,0,0,0.0,26258,False,False
19,2020-05-04,52,PE,Importados/Indefinidos,,city,19,,0,3,0,0.1579,,False,False
19,2020-05-04,14,PE,Inajá,2607000,city,1,4.30163,0,0,0,0.0,23247,False,False
19,2020-05-04,25,PE,Ipojuca,2607208,city,35,36.38102,4,4,0,0.1143,96204,False,False
19,2020-05-04,35,PE,Ipubi,2607307,city,9,29.16964,0,0,0,0.0,30854,False,False
19,2020-05-04,14,PE,Itambé,2607653,city,1,2.74371,0,0,0,0.0,36447,False,False
19,2020-05-04,15,PE,Itapetim,2607703,city,2,14.6886,0,1,0,0.5,13616,False,False
19,2020-05-04,23,PE,Itapissuma,2607752,city,9,33.76984,1,2,0,0.2222,26651,False,False
19,2020-05-04,10,PE,Itaquitinga,2607802,city,6,35.38779,0,1,0,0.1667,16955,False,False
19,2020-05-04,49,PE,Jaboatão dos Guararapes,2607901,city,753,107.21944,17,76,4,0.1009,702298,False,False
19,2020-05-04,8,PE,Jaqueira,2607950,city,1,8.57927,0,0,0,0.0,11656,False,False
19,2020-05-04,14,PE,Jataúba,2608008,city,1,5.8309,0,1,0,1.0,17150,False,False
19,2020-05-04,16,PE,Jatobá,2608057,city,2,13.51717,0,0,0,0.0,14796,False,False
19,2020-05-04,26,PE,João Alfredo,2608107,city,7,20.69659,0,0,0,0.0,33822,False,False
19,2020-05-04,3,PE,Joaquim Nabuco,2608206,city,2,12.48206,0,0,0,0.0,16023,False,False
19,2020-05-04,13,PE,Jucati,2608255,city,1,8.7535,0,0,0,0.0,11424,False,False
19,2020-05-04,16,PE,Jupi,2608305,city,1,6.74036,0,0,0,0.0,14836,False,False
19,2020-05-04,11,PE,Jurema,2608404,city,3,19.50839,0,0,0,0.0,15378,False,False
19,2020-05-04,18,PE,Lagoa de Itaenga,2608503,city,3,13.99972,0,1,0,0.3333,21429,False,False
19,2020-05-04,29,PE,Lagoa do Carro,2608453,city,17,94.07338,0,2,0,0.1176,18071,False,False
19,2020-05-04,9,PE,Lagoa do Ouro,2608602,city,1,7.60746,0,0,0,0.0,13145,False,False
19,2020-05-04,22,PE,Lagoa dos Gatos,2608701,city,2,12.27747,0,1,0,0.5,16290,False,False
19,2020-05-04,9,PE,Lajedo,2608800,city,3,7.44639,1,1,1,0.3333,40288,False,False
19,2020-05-04,26,PE,Limoeiro,2608909,city,23,40.88889,1,5,1,0.2174,56250,False,False
19,2020-05-04,28,PE,Macaparana,2609006,city,6,23.64439,0,2,0,0.3333,25376,False,False
19,2020-05-04,23,PE,Machados,2609105,city,5,31.07907,1,1,0,0.2,16088,False,False
19,2020-05-04,28,PE,Moreno,2609402,city,42,66.89602,2,3,2,0.0714,62784,False,False
19,2020-05-04,13,PE,Nazaré da Mata,2609501,city,12,36.95605,1,1,0,0.0833,32471,False,False
19,2020-05-04,44,PE,Olinda,2609600,city,830,211.47467,28,57,1,0.0687,392482,False,False
19,2020-05-04,9,PE,Orobó,2609709,city,1,4.1869,0,0,0,0.0,23884,False,False
19,2020-05-04,13,PE,Orocó,2609808,city,1,6.67067,0,0,0,0.0,14991,False,False
19,2020-05-04,9,PE,Ouricuri,2609907,city,4,5.75879,0,0,0,0.0,69459,False,False
19,2020-05-04,36,PE,Palmares,2610004,city,16,25.29644,1,3,0,0.1875,63250,False,False
19,2020-05-04,13,PE,Panelas,2610202,city,2,7.55458,0,1,0,0.5,26474,False,False
19,2020-05-04,27,PE,Passira,2610509,city,16,55.30018,2,0,0,0.0,28933,False,False
19,2020-05-04,29,PE,Paudalho,2610608,city,47,83.17701,2,7,0,0.1489,56506,False,False
19,2020-05-04,32,PE,Paulista,2610707,city,585,176.32485,21,34,2,0.0581,331774,False,False
19,2020-05-04,16,PE,Pedra,2610806,city,8,35.37162,0,0,0,0.0,22617,False,False
19,2020-05-04,18,PE,Pesqueira,2610905,city,7,10.38653,0,0,0,0.0,67395,False,False
19,2020-05-04,7,PE,Petrolândia,2611002,city,2,5.47226,0,0,0,0.0,36548,False,False
19,2020-05-04,43,PE,Petrolina,2611101,city,23,6.58752,0,0,0,0.0,349145,False,False
19,2020-05-04,16,PE,Poção,2611200,city,1,8.84799,0,0,0,0.0,11302,False,False
19,2020-05-04,26,PE,Pombos,2611309,city,33,121.81167,0,2,0,0.0606,27091,False,False
19,2020-05-04,8,PE,Primavera,2611408,city,3,20.04544,0,0,0,0.0,14966,False,False
19,2020-05-04,24,PE,Quipapá,2611507,city,1,3.84069,0,0,0,0.0,26037,False,False
19,2020-05-04,13,PE,Quixaba,2611533,city,1,14.67782,0,1,0,1.0,6813,False,False
19,2020-05-04,54,PE,Recife,2611606,city,4807,292.08976,105,295,22,0.0614,1645727,False,False
19,2020-05-04,20,PE,Ribeirão,2611804,city,7,14.76326,0,2,0,0.2857,47415,False,False
19,2020-05-04,18,PE,Rio Formoso,2611903,city,4,16.99596,0,0,0,0.0,23535,False,False
19,2020-05-04,5,PE,Sairé,2612000,city,1,10.06847,0,1,0,1.0,9932,False,False
19,2020-05-04,28,PE,Salgueiro,2612208,city,17,27.90087,0,1,0,0.0588,60930,False,False
19,2020-05-04,18,PE,Sanharó,2612406,city,2,7.55801,2,0,0,0.0,26462,False,False
19,2020-05-04,24,PE,Santa Cruz do Capibaribe,2612505,city,4,3.70587,0,0,0,0.0,107937,False,False
19,2020-05-04,5,PE,Santa Maria da Boa Vista,2612604,city,1,2.38487,0,0,0,0.0,41931,False,False
19,2020-05-04,7,PE,Santa Maria do Cambucá,2612703,city,1,7.07364,0,0,0,0.0,14137,False,False
19,2020-05-04,24,PE,São Bento do Una,2613008,city,5,8.4028,0,0,0,0.0,59504,False,False
19,2020-05-04,25,PE,São Caitano,2613107,city,16,42.95879,1,0,0,0.0,37245,False,False
19,2020-05-04,5,PE,São João,2613206,city,2,8.77462,0,0,0,0.0,22793,False,False
19,2020-05-04,9,PE,São Joaquim do Monte,2613305,city,1,4.68252,0,0,0,0.0,21356,False,False
19,2020-05-04,23,PE,São José da Coroa Grande,2613404,city,16,75.12442,0,1,0,0.0625,21298,False,False
19,2020-05-04,7,PE,São José do Belmonte,2613503,city,1,2.94473,0,0,0,0.0,33959,False,False
19,2020-05-04,18,PE,São José do Egito,2613602,city,2,5.89084,0,0,0,0.0,33951,False,False
19,2020-05-04,38,PE,São Lourenço da Mata,2613701,city,183,161.61795,1,30,-1,0.1639,113230,False,False
19,2020-05-04,18,PE,São Vicente Ferrer,2613800,city,1,5.55001,0,0,0,0.0,18018,False,False
19,2020-05-04,25,PE,Serra Talhada,2613909,city,12,13.89693,0,0,0,0.0,86350,False,False
19,2020-05-04,24,PE,Sertânia,2614105,city,8,22.27978,0,1,0,0.125,35907,False,False
19,2020-05-04,16,PE,Sirinhaém,2614204,city,7,15.26218,0,2,0,0.2857,45865,False,False
19,2020-05-04,19,PE,Surubim,2614501,city,5,7.68179,0,0,0,0.0,65089,False,False
19,2020-05-04,14,PE,Tabira,2614600,city,3,10.51377,0,2,0,0.6667,28534,False,False
19,2020-05-04,12,PE,Tamandaré,2614857,city,4,17.10279,0,0,0,0.0,23388,False,False
19,2020-05-04,6,PE,Taquaritinga do Norte,2615003,city,1,3.47524,0,0,0,0.0,28775,False,False
19,2020-05-04,9,PE,Terra Nova,2615201,city,1,9.90491,0,1,0,1.0,10096,False,False
19,2020-05-04,28,PE,Timbaúba,2615300,city,16,30.17615,0,4,0,0.25,53022,False,False
19,2020-05-04,24,PE,Toritama,2615409,city,1,2.21146,0,0,0,0.0,45219,False,False
19,2020-05-04,24,PE,Tracunhaém,2615508,city,2,14.52538,0,0,0,0.0,13769,False,False
19,2020-05-04,11,PE,Trindade,2615607,city,7,22.93503,0,1,0,0.1429,30521,False,False
19,2020-05-04,20,PE,Triunfo,2615706,city,2,13.11132,0,0,0,0.0,15254,False,False
19,2020-05-04,16,PE,Tupanatinga,2615805,city,3,10.9874,0,0,0,0.0,27304,False,False
19,2020-05-04,15,PE,Tuparetama,2615904,city,1,12.19215,0,0,0,0.0,8202,False,False
19,2020-05-04,9,PE,Venturosa,2616001,city,3,16.23201,0,1,0,0.3333,18482,False,False
19,2020-05-04,18,PE,Vertentes,2616209,city,1,4.82369,0,0,0,0.0,20731,False,False
19,2020-05-04,15,PE,Vicência,2616308,city,6,18.38066,0,0,0,0.0,32643,False,False
19,2020-05-04,28,PE,Vitória de Santo Antão,2616407,city,105,75.67186,1,15,1,0.1429,138757,False,False
19,2020-05-04,12,PE,Xexéu,2616506,city,3,20.37351,0,1,0,0.3333,14725,False,False
19,2020-05-03,25,PE,Abreu e Lima,2600054,city,87,87.0087,4,4,0,0.046,99990,False,False
19,2020-05-03,5,PE,Afogados da Ingazeira,2600104,city,2,5.36783,0,0,0,0.0,37259,False,False
19,2020-05-03,5,PE,Afrânio,2600203,city,1,5.09295,0,0,0,0.0,19635,False,False
19,2020-05-03,10,PE,Agrestina,2600302,city,1,4.01849,0,1,0,1.0,24885,False,False
19,2020-05-03,8,PE,Água Preta,2600401,city,7,19.03674,1,4,1,0.5714,36771,False,False
19,2020-05-03,2,PE,Águas Belas,2600500,city,3,6.9056,0,0,0,0.0,43443,False,False
19,2020-05-03,15,PE,Alagoinha,2600609,city,2,13.66494,0,0,0,0.0,14636,False,False
19,2020-05-03,33,PE,Aliança,2600708,city,10,26.05116,0,4,0,0.4,38386,False,False
19,2020-05-03,15,PE,Altinho,2600807,city,2,8.70625,0,0,0,0.0,22972,False,False
19,2020-05-03,18,PE,Amaraji,2600906,city,6,26.28236,0,3,0,0.5,22829,False,False
19,2020-05-03,21,PE,Araçoiaba,2601052,city,8,38.97876,0,2,0,0.25,20524,False,False
19,2020-05-03,1,PE,Araripina,2601102,city,1,1.18458,1,0,0,0.0,84418,False,False
19,2020-05-03,26,PE,Arcoverde,2601201,city,27,36.32059,0,4,0,0.1481,74338,False,False
19,2020-05-03,3,PE,Barreiros,2601409,city,1,2.34417,0,0,0,0.0,42659,False,False
19,2020-05-03,48,PE,Belo Jardim,2601706,city,9,11.77409,0,1,0,0.1111,76439,False,False
19,2020-05-03,9,PE,Betânia,2601805,city,4,31.44901,0,0,0,0.0,12719,False,False
19,2020-05-03,21,PE,Bezerros,2601904,city,1,1.64479,0,0,0,0.0,60798,False,False
19,2020-05-03,24,PE,Bom Conselho,2602100,city,2,4.11913,0,1,0,0.5,48554,False,False
19,2020-05-03,27,PE,Bom Jardim,2602209,city,10,25.52062,0,5,0,0.5,39184,False,False
19,2020-05-03,16,PE,Bonito,2602308,city,5,13.11166,0,3,0,0.6,38134,False,False
19,2020-05-03,2,PE,Brejo da Madre de Deus,2602605,city,1,1.97075,0,0,0,0.0,50742,False,False
19,2020-05-03,1,PE,Buenos Aires,2602704,city,1,7.60167,1,0,0,0.0,13155,False,False
19,2020-05-03,1,PE,Buíque,2602803,city,1,1.71297,1,0,0,0.0,58378,False,False
19,2020-05-03,31,PE,Cabo de Santo Agostinho,2602902,city,132,63.75333,23,19,2,0.1439,207048,False,False
19,2020-05-03,9,PE,Cabrobó,2603009,city,1,2.92218,0,0,0,0.0,34221,False,False
19,2020-05-03,28,PE,Cachoeirinha,2603108,city,8,39.25417,0,0,0,0.0,20380,False,False
19,2020-05-03,15,PE,Caetés,2603207,city,6,20.87755,0,0,0,0.0,28739,False,False
19,2020-05-03,38,PE,Camaragibe,2603454,city,292,185.01153,15,20,-1,0.0685,157828,False,False
19,2020-05-03,11,PE,Camocim de São Félix,2603504,city,3,15.98721,0,0,0,0.0,18765,False,False
19,2020-05-03,25,PE,Capoeiras,2603801,city,2,9.97606,0,0,0,0.0,20048,False,False
19,2020-05-03,20,PE,Carnaíba,2603900,city,3,15.34448,0,2,0,0.6667,19551,False,False
19,2020-05-03,8,PE,Carnaubeira da Penha,2603926,city,1,7.73276,0,0,0,0.0,12932,False,False
19,2020-05-03,25,PE,Carpina,2604007,city,20,23.91172,3,1,0,0.05,83641,False,False
19,2020-05-03,42,PE,Caruaru,2604106,city,38,10.52288,3,6,1,0.1579,361118,False,False
19,2020-05-03,27,PE,Catende,2604205,city,5,11.65719,0,2,0,0.4,42892,False,False
19,2020-05-03,8,PE,Cedro,2604304,city,1,8.46955,0,0,0,0.0,11807,False,False
19,2020-05-03,20,PE,Chã de Alegria,2604403,city,12,88.77053,0,1,0,0.0833,13518,False,False
19,2020-05-03,22,PE,Chã Grande,2604502,city,20,92.17439,1,1,1,0.05,21698,False,False
19,2020-05-03,11,PE,Condado,2604601,city,11,41.63355,1,1,0,0.0909,26421,False,False
19,2020-05-03,10,PE,Correntes,2604700,city,2,10.98479,0,0,0,0.0,18207,False,False
19,2020-05-03,4,PE,Cortês,2604809,city,2,15.90078,0,0,0,0.0,12578,False,False
19,2020-05-03,4,PE,Cumaru,2604908,city,0,,0,0,0,0.0,10906,False,False
19,2020-05-03,18,PE,Cupira,2605004,city,2,8.29635,0,0,0,0.0,24107,False,False
19,2020-05-03,15,PE,Custódia,2605103,city,10,26.94619,0,2,0,0.2,37111,False,False
19,2020-05-03,18,PE,Escada,2605202,city,11,15.97096,2,1,0,0.0909,68875,False,False
19,2020-05-03,18,PE,Feira Nova,2605400,city,5,22.59274,0,0,0,0.0,22131,False,False
19,2020-05-03,38,PE,Fernando de Noronha,2605459,city,28,914.73375,0,0,0,0.0,3061,False,False
19,2020-05-03,14,PE,Ferreiros,2605509,city,2,16.49757,0,0,0,0.0,12123,False,False
19,2020-05-03,6,PE,Flores,2605608,city,1,4.42008,0,0,0,0.0,22624,False,False
19,2020-05-03,25,PE,Frei Miguelinho,2605806,city,6,38.81736,0,2,0,0.3333,15457,False,False
19,2020-05-03,23,PE,Gameleira,2605905,city,1,3.2204,0,1,0,1.0,31052,False,False
19,2020-05-03,25,PE,Garanhuns,2606002,city,16,11.4459,0,3,0,0.1875,139788,False,False
19,2020-05-03,22,PE,Glória do Goitá,2606101,city,17,55.54829,0,4,0,0.2353,30604,False,False
19,2020-05-03,38,PE,Goiana,2606200,city,41,51.4055,4,6,0,0.1463,79758,False,False
19,2020-05-03,8,PE,Granito,2606309,city,1,13.35827,0,0,0,0.0,7486,False,False
19,2020-05-03,21,PE,Gravatá,2606408,city,14,16.652,0,1,0,0.0714,84074,False,False
19,2020-05-03,10,PE,Ibimirim,2606606,city,5,17.10279,0,2,0,0.4,29235,False,False
19,2020-05-03,4,PE,Ibirajuba,2606705,city,1,12.88328,0,0,0,0.0,7762,False,False
19,2020-05-03,27,PE,Igarassu,2606804,city,97,82.89252,8,10,0,0.1031,117019,False,False
19,2020-05-03,8,PE,Iguaracy,2606903,city,1,8.17795,0,0,0,0.0,12228,False,False
19,2020-05-03,20,PE,Ilha de Itamaracá,2607604,city,15,57.12545,2,0,0,0.0,26258,False,False
19,2020-05-03,51,PE,Importados/Indefinidos,,city,19,,2,3,1,0.1579,,False,False
19,2020-05-03,13,PE,Inajá,2607000,city,1,4.30163,0,0,0,0.0,23247,False,False
19,2020-05-03,24,PE,Ipojuca,2607208,city,31,32.22319,2,4,1,0.129,96204,False,False
19,2020-05-03,34,PE,Ipubi,2607307,city,9,29.16964,0,0,0,0.0,30854,False,False
19,2020-05-03,13,PE,Itambé,2607653,city,1,2.74371,0,0,0,0.0,36447,False,False
19,2020-05-03,14,PE,Itapetim,2607703,city,2,14.6886,0,1,0,0.5,13616,False,False
19,2020-05-03,22,PE,Itapissuma,2607752,city,8,30.01764,1,2,0,0.25,26651,False,False
19,2020-05-03,9,PE,Itaquitinga,2607802,city,6,35.38779,1,1,0,0.1667,16955,False,False
19,2020-05-03,48,PE,Jaboatão dos Guararapes,2607901,city,736,104.79882,38,72,5,0.0978,702298,False,False
19,2020-05-03,7,PE,Jaqueira,2607950,city,1,8.57927,0,0,0,0.0,11656,False,False
19,2020-05-03,13,PE,Jataúba,2608008,city,1,5.8309,0,1,0,1.0,17150,False,False
19,2020-05-03,15,PE,Jatobá,2608057,city,2,13.51717,0,0,0,0.0,14796,False,False
19,2020-05-03,25,PE,João Alfredo,2608107,city,7,20.69659,0,0,0,0.0,33822,False,False
19,2020-05-03,2,PE,Joaquim Nabuco,2608206,city,2,12.48206,1,0,0,0.0,16023,False,False
19,2020-05-03,12,PE,Jucati,2608255,city,1,8.7535,0,0,0,0.0,11424,False,False
19,2020-05-03,15,PE,Jupi,2608305,city,1,6.74036,0,0,0,0.0,14836,False,False
19,2020-05-03,10,PE,Jurema,2608404,city,3,19.50839,0,0,0,0.0,15378,False,False
19,2020-05-03,17,PE,Lagoa de Itaenga,2608503,city,3,13.99972,0,1,0,0.3333,21429,False,False
19,2020-05-03,28,PE,Lagoa do Carro,2608453,city,17,94.07338,1,2,0,0.1176,18071,False,False
19,2020-05-03,8,PE,Lagoa do Ouro,2608602,city,1,7.60746,0,0,0,0.0,13145,False,False
19,2020-05-03,21,PE,Lagoa dos Gatos,2608701,city,2,12.27747,0,1,0,0.5,16290,False,False
19,2020-05-03,8,PE,Lajedo,2608800,city,2,4.96426,0,0,0,0.0,40288,False,False
19,2020-05-03,25,PE,Limoeiro,2608909,city,22,39.11111,0,4,0,0.1818,56250,False,False
19,2020-05-03,27,PE,Macaparana,2609006,city,6,23.64439,1,2,0,0.3333,25376,False,False
19,2020-05-03,22,PE,Machados,2609105,city,4,24.86325,0,1,0,0.25,16088,False,False
19,2020-05-03,27,PE,Moreno,2609402,city,40,63.7105,2,1,0,0.025,62784,False,False
19,2020-05-03,12,PE,Nazaré da Mata,2609501,city,11,33.87638,0,1,0,0.0909,32471,False,False
19,2020-05-03,43,PE,Olinda,2609600,city,802,204.34058,59,56,3,0.0698,392482,False,False
19,2020-05-03,8,PE,Orobó,2609709,city,1,4.1869,0,0,0,0.0,23884,False,False
19,2020-05-03,12,PE,Orocó,2609808,city,1,6.67067,0,0,0,0.0,14991,False,False
19,2020-05-03,8,PE,Ouricuri,2609907,city,4,5.75879,0,0,0,0.0,69459,False,False
19,2020-05-03,35,PE,Palmares,2610004,city,15,23.71542,0,3,0,0.2,63250,False,False
19,2020-05-03,12,PE,Panelas,2610202,city,2,7.55458,0,1,0,0.5,26474,False,False
19,2020-05-03,26,PE,Passira,2610509,city,14,48.38765,1,0,0,0.0,28933,False,False
19,2020-05-03,28,PE,Paudalho,2610608,city,45,79.63756,2,7,0,0.1556,56506,False,False
19,2020-05-03,31,PE,Paulista,2610707,city,564,169.99524,37,32,2,0.0567,331774,False,False
19,2020-05-03,15,PE,Pedra,2610806,city,8,35.37162,0,0,0,0.0,22617,False,False
19,2020-05-03,17,PE,Pesqueira,2610905,city,7,10.38653,2,0,0,0.0,67395,False,False
19,2020-05-03,6,PE,Petrolândia,2611002,city,2,5.47226,2,0,0,0.0,36548,False,False
19,2020-05-03,42,PE,Petrolina,2611101,city,23,6.58752,0,0,0,0.0,349145,False,False
19,2020-05-03,15,PE,Poção,2611200,city,1,8.84799,0,0,0,0.0,11302,False,False
19,2020-05-03,25,PE,Pombos,2611309,city,33,121.81167,0,2,0,0.0606,27091,False,False
19,2020-05-03,7,PE,Primavera,2611408,city,3,20.04544,0,0,0,0.0,14966,False,False
19,2020-05-03,23,PE,Quipapá,2611507,city,1,3.84069,0,0,0,0.0,26037,False,False
19,2020-05-03,12,PE,Quixaba,2611533,city,1,14.67782,0,1,0,1.0,6813,False,False
19,2020-05-03,53,PE,Recife,2611606,city,4702,285.7096,249,273,6,0.0581,1645727,False,False
19,2020-05-03,19,PE,Ribeirão,2611804,city,7,14.76326,0,2,0,0.2857,47415,False,False
19,2020-05-03,17,PE,Rio Formoso,2611903,city,4,16.99596,1,0,0,0.0,23535,False,False
19,2020-05-03,4,PE,Sairé,2612000,city,1,10.06847,0,1,0,1.0,9932,False,False
19,2020-05-03,27,PE,Salgueiro,2612208,city,17,27.90087,1,1,0,0.0588,60930,False,False
19,2020-05-03,17,PE,Sanharó,2612406,city,0,,0,0,0,0.0,26462,False,False
19,2020-05-03,23,PE,Santa Cruz do Capibaribe,2612505,city,4,3.70587,0,0,0,0.0,107937,False,False
19,2020-05-03,4,PE,Santa Maria da Boa Vista,2612604,city,1,2.38487,0,0,0,0.0,41931,False,False
19,2020-05-03,6,PE,Santa Maria do Cambucá,2612703,city,1,7.07364,0,0,0,0.0,14137,False,False
19,2020-05-03,23,PE,São Bento do Una,2613008,city,5,8.4028,0,0,0,0.0,59504,False,False
19,2020-05-03,24,PE,São Caitano,2613107,city,15,40.27386,0,0,0,0.0,37245,False,False
19,2020-05-03,4,PE,São João,2613206,city,2,8.77462,0,0,0,0.0,22793,False,False
19,2020-05-03,8,PE,São Joaquim do Monte,2613305,city,1,4.68252,0,0,0,0.0,21356,False,False
19,2020-05-03,22,PE,São José da Coroa Grande,2613404,city,16,75.12442,2,1,0,0.0625,21298,False,False
19,2020-05-03,6,PE,São José do Belmonte,2613503,city,1,2.94473,0,0,0,0.0,33959,False,False
19,2020-05-03,17,PE,São José do Egito,2613602,city,2,5.89084,0,0,0,0.0,33951,False,False
19,2020-05-03,37,PE,São Lourenço da Mata,2613701,city,182,160.73479,8,31,0,0.1703,113230,False,False
19,2020-05-03,17,PE,São Vicente Ferrer,2613800,city,1,5.55001,0,0,0,0.0,18018,False,False
19,2020-05-03,24,PE,Serra Talhada,2613909,city,12,13.89693,1,0,0,0.0,86350,False,False
19,2020-05-03,23,PE,Sertânia,2614105,city,8,22.27978,2,1,0,0.125,35907,False,False
19,2020-05-03,15,PE,Sirinhaém,2614204,city,7,15.26218,1,2,1,0.2857,45865,False,False
19,2020-05-03,18,PE,Surubim,2614501,city,5,7.68179,0,0,0,0.0,65089,False,False
19,2020-05-03,13,PE,Tabira,2614600,city,3,10.51377,1,2,0,0.6667,28534,False,False
19,2020-05-03,11,PE,Tamandaré,2614857,city,4,17.10279,1,0,0,0.0,23388,False,False
19,2020-05-03,5,PE,Taquaritinga do Norte,2615003,city,1,3.47524,0,0,0,0.0,28775,False,False
19,2020-05-03,8,PE,Terra Nova,2615201,city,1,9.90491,0,1,0,1.0,10096,False,False
19,2020-05-03,27,PE,Timbaúba,2615300,city,16,30.17615,1,4,1,0.25,53022,False,False
19,2020-05-03,23,PE,Toritama,2615409,city,1,2.21146,0,0,0,0.0,45219,False,False
19,2020-05-03,23,PE,Tracunhaém,2615508,city,2,14.52538,0,0,0,0.0,13769,False,False
19,2020-05-03,10,PE,Trindade,2615607,city,7,22.93503,2,1,0,0.1429,30521,False,False
19,2020-05-03,19,PE,Triunfo,2615706,city,2,13.11132,0,0,0,0.0,15254,False,False
19,2020-05-03,15,PE,Tupanatinga,2615805,city,3,10.9874,0,0,0,0.0,27304,False,False
19,2020-05-03,14,PE,Tuparetama,2615904,city,1,12.19215,0,0,0,0.0,8202,False,False
19,2020-05-03,8,PE,Venturosa,2616001,city,3,16.23201,0,1,0,0.3333,18482,False,False
19,2020-05-03,17,PE,Vertentes,2616209,city,1,4.82369,0,0,0,0.0,20731,False,False
19,2020-05-03,14,PE,Vicência,2616308,city,6,18.38066,6,0,0,0.0,32643,False,False
19,2020-05-03,27,PE,Vitória de Santo Antão,2616407,city,104,74.95117,6,14,0,0.1346,138757,False,False
19,2020-05-03,11,PE,Xexéu,2616506,city,3,20.37351,0,1,0,0.3333,14725,False,False
18,2020-05-02,24,PE,Abreu e Lima,2600054,city,83,83.0083,6,4,0,0.0482,99990,False,False
18,2020-05-02,4,PE,Afogados da Ingazeira,2600104,city,2,5.36783,0,0,0,0.0,37259,False,False
18,2020-05-02,4,PE,Afrânio,2600203,city,1,5.09295,0,0,0,0.0,19635,False,False
18,2020-05-02,9,PE,Agrestina,2600302,city,1,4.01849,0,1,0,1.0,24885,False,False
18,2020-05-02,7,PE,Água Preta,2600401,city,6,16.31721,1,3,1,0.5,36771,False,False
18,2020-05-02,1,PE,Águas Belas,2600500,city,3,6.9056,3,0,0,0.0,43443,False,False
18,2020-05-02,14,PE,Alagoinha,2600609,city,2,13.66494,1,0,0,0.0,14636,False,False
18,2020-05-02,32,PE,Aliança,2600708,city,10,26.05116,0,4,0,0.4,38386,False,False
18,2020-05-02,14,PE,Altinho,2600807,city,2,8.70625,0,0,0,0.0,22972,False,False
18,2020-05-02,17,PE,Amaraji,2600906,city,6,26.28236,0,3,0,0.5,22829,False,False
18,2020-05-02,20,PE,Araçoiaba,2601052,city,8,38.97876,2,2,0,0.25,20524,False,False
18,2020-05-02,25,PE,Arcoverde,2601201,city,27,36.32059,13,4,0,0.1481,74338,False,False
18,2020-05-02,2,PE,Barreiros,2601409,city,1,2.34417,0,0,0,0.0,42659,False,False
18,2020-05-02,47,PE,Belo Jardim,2601706,city,9,11.77409,2,1,0,0.1111,76439,False,False
18,2020-05-02,8,PE,Betânia,2601805,city,4,31.44901,0,0,0,0.0,12719,False,False
18,2020-05-02,20,PE,Bezerros,2601904,city,1,1.64479,0,0,0,0.0,60798,False,False
18,2020-05-02,23,PE,Bom Conselho,2602100,city,2,4.11913,0,1,0,0.5,48554,False,False
18,2020-05-02,26,PE,Bom Jardim,2602209,city,10,25.52062,0,5,0,0.5,39184,False,False
18,2020-05-02,15,PE,Bonito,2602308,city,5,13.11166,0,3,0,0.6,38134,False,False
18,2020-05-02,1,PE,Brejo da Madre de Deus,2602605,city,1,1.97075,1,0,0,0.0,50742,False,False
18,2020-05-02,30,PE,Cabo de Santo Agostinho,2602902,city,109,52.6448,11,17,1,0.156,207048,False,False
18,2020-05-02,8,PE,Cabrobó,2603009,city,1,2.92218,0,0,0,0.0,34221,False,False
18,2020-05-02,27,PE,Cachoeirinha,2603108,city,8,39.25417,0,0,0,0.0,20380,False,False
18,2020-05-02,14,PE,Caetés,2603207,city,6,20.87755,1,0,0,0.0,28739,False,False
18,2020-05-02,37,PE,Camaragibe,2603454,city,277,175.50751,28,21,1,0.0758,157828,False,False
18,2020-05-02,10,PE,Camocim de São Félix,2603504,city,3,15.98721,0,0,0,0.0,18765,False,False
18,2020-05-02,24,PE,Capoeiras,2603801,city,2,9.97606,0,0,0,0.0,20048,False,False
18,2020-05-02,19,PE,Carnaíba,2603900,city,3,15.34448,0,2,0,0.6667,19551,False,False
18,2020-05-02,7,PE,Carnaubeira da Penha,2603926,city,1,7.73276,0,0,0,0.0,12932,False,False
18,2020-05-02,24,PE,Carpina,2604007,city,17,20.32496,1,1,0,0.0588,83641,False,False
18,2020-05-02,41,PE,Caruaru,2604106,city,35,9.69212,5,5,1,0.1429,361118,False,False
18,2020-05-02,26,PE,Catende,2604205,city,5,11.65719,1,2,0,0.4,42892,False,False
18,2020-05-02,7,PE,Cedro,2604304,city,1,8.46955,0,0,0,0.0,11807,False,False
18,2020-05-02,19,PE,Chã de Alegria,2604403,city,12,88.77053,1,1,0,0.0833,13518,False,False
18,2020-05-02,21,PE,Chã Grande,2604502,city,19,87.56567,0,0,0,0.0,21698,False,False
18,2020-05-02,10,PE,Condado,2604601,city,10,37.84868,2,1,0,0.1,26421,False,False
18,2020-05-02,9,PE,Correntes,2604700,city,2,10.98479,0,0,0,0.0,18207,False,False
18,2020-05-02,3,PE,Cortês,2604809,city,2,15.90078,1,0,0,0.0,12578,False,False
18,2020-05-02,3,PE,Cumaru,2604908,city,0,,0,0,0,0.0,10906,False,False
18,2020-05-02,17,PE,Cupira,2605004,city,2,8.29635,0,0,0,0.0,24107,False,False
18,2020-05-02,14,PE,Custódia,2605103,city,10,26.94619,6,2,0,0.2,37111,False,False
18,2020-05-02,17,PE,Escada,2605202,city,9,13.06715,1,1,1,0.1111,68875,False,False
18,2020-05-02,17,PE,Feira Nova,2605400,city,5,22.59274,1,0,0,0.0,22131,False,False
18,2020-05-02,37,PE,Fernando de Noronha,2605459,city,28,914.73375,0,0,0,0.0,3061,False,False
18,2020-05-02,13,PE,Ferreiros,2605509,city,2,16.49757,0,0,0,0.0,12123,False,False
18,2020-05-02,5,PE,Flores,2605608,city,1,4.42008,0,0,0,0.0,22624,False,False
18,2020-05-02,24,PE,Frei Miguelinho,2605806,city,6,38.81736,0,2,0,0.3333,15457,False,False
18,2020-05-02,22,PE,Gameleira,2605905,city,1,3.2204,0,1,0,1.0,31052,False,False
18,2020-05-02,24,PE,Garanhuns,2606002,city,16,11.4459,1,3,0,0.1875,139788,False,False
18,2020-05-02,21,PE,Glória do Goitá,2606101,city,17,55.54829,2,4,0,0.2353,30604,False,False
18,2020-05-02,37,PE,Goiana,2606200,city,37,46.39033,8,6,0,0.1622,79758,False,False
18,2020-05-02,7,PE,Granito,2606309,city,1,13.35827,0,0,0,0.0,7486,False,False
18,2020-05-02,20,PE,Gravatá,2606408,city,14,16.652,3,1,0,0.0714,84074,False,False
18,2020-05-02,9,PE,Ibimirim,2606606,city,5,17.10279,3,2,1,0.4,29235,False,False
18,2020-05-02,3,PE,Ibirajuba,2606705,city,1,12.88328,0,0,0,0.0,7762,False,False
18,2020-05-02,26,PE,Igarassu,2606804,city,89,76.05603,13,10,0,0.1124,117019,False,False
18,2020-05-02,7,PE,Iguaracy,2606903,city,1,8.17795,0,0,0,0.0,12228,False,False
18,2020-05-02,19,PE,Ilha de Itamaracá,2607604,city,13,49.50872,4,0,0,0.0,26258,False,False
18,2020-05-02,50,PE,Importados/Indefinidos,,city,17,,1,2,0,0.1176,,False,False
18,2020-05-02,12,PE,Inajá,2607000,city,1,4.30163,0,0,0,0.0,23247,False,False
18,2020-05-02,23,PE,Ipojuca,2607208,city,29,30.14428,2,3,0,0.1034,96204,False,False
18,2020-05-02,33,PE,Ipubi,2607307,city,9,29.16964,1,0,0,0.0,30854,False,False
18,2020-05-02,12,PE,Itambé,2607653,city,1,2.74371,0,0,0,0.0,36447,False,False
18,2020-05-02,13,PE,Itapetim,2607703,city,2,14.6886,1,1,0,0.5,13616,False,False
18,2020-05-02,21,PE,Itapissuma,2607752,city,7,26.26543,0,2,0,0.2857,26651,False,False
18,2020-05-02,8,PE,Itaquitinga,2607802,city,5,29.48983,2,1,0,0.2,16955,False,False
18,2020-05-02,47,PE,Jaboatão dos Guararapes,2607901,city,698,99.38801,71,67,1,0.096,702298,False,False
18,2020-05-02,6,PE,Jaqueira,2607950,city,1,8.57927,0,0,0,0.0,11656,False,False
18,2020-05-02,12,PE,Jataúba,2608008,city,1,5.8309,0,1,0,1.0,17150,False,False
18,2020-05-02,14,PE,Jatobá,2608057,city,2,13.51717,1,0,0,0.0,14796,False,False
18,2020-05-02,24,PE,João Alfredo,2608107,city,7,20.69659,0,0,0,0.0,33822,False,False
18,2020-05-02,1,PE,Joaquim Nabuco,2608206,city,1,6.24103,1,0,0,0.0,16023,False,False
18,2020-05-02,11,PE,Jucati,2608255,city,1,8.7535,0,0,0,0.0,11424,False,False
18,2020-05-02,14,PE,Jupi,2608305,city,1,6.74036,0,0,0,0.0,14836,False,False
18,2020-05-02,9,PE,Jurema,2608404,city,3,19.50839,0,0,0,0.0,15378,False,False
18,2020-05-02,16,PE,Lagoa de Itaenga,2608503,city,3,13.99972,0,1,0,0.3333,21429,False,False
18,2020-05-02,27,PE,Lagoa do Carro,2608453,city,16,88.53965,1,2,0,0.125,18071,False,False
18,2020-05-02,7,PE,Lagoa do Ouro,2608602,city,1,7.60746,0,0,0,0.0,13145,False,False
18,2020-05-02,20,PE,Lagoa dos Gatos,2608701,city,2,12.27747,0,1,0,0.5,16290,False,False
18,2020-05-02,7,PE,Lajedo,2608800,city,2,4.96426,1,0,0,0.0,40288,False,False
18,2020-05-02,24,PE,Limoeiro,2608909,city,22,39.11111,3,4,0,0.1818,56250,False,False
18,2020-05-02,26,PE,Macaparana,2609006,city,5,19.70366,0,2,0,0.4,25376,False,False
18,2020-05-02,21,PE,Machados,2609105,city,4,24.86325,0,1,0,0.25,16088,False,False
18,2020-05-02,26,PE,Moreno,2609402,city,38,60.52497,3,1,0,0.0263,62784,False,False
18,2020-05-02,11,PE,Nazaré da Mata,2609501,city,11,33.87638,2,1,0,0.0909,32471,False,False
18,2020-05-02,42,PE,Olinda,2609600,city,743,189.30804,79,53,2,0.0713,392482,False,False
18,2020-05-02,7,PE,Orobó,2609709,city,1,4.1869,0,0,0,0.0,23884,False,False
18,2020-05-02,11,PE,Orocó,2609808,city,1,6.67067,0,0,0,0.0,14991,False,False
18,2020-05-02,7,PE,Ouricuri,2609907,city,4,5.75879,2,0,0,0.0,69459,False,False
18,2020-05-02,34,PE,Palmares,2610004,city,15,23.71542,5,3,0,0.2,63250,False,False
18,2020-05-02,11,PE,Panelas,2610202,city,2,7.55458,0,1,0,0.5,26474,False,False
18,2020-05-02,25,PE,Passira,2610509,city,13,44.93139,4,0,0,0.0,28933,False,False
18,2020-05-02,27,PE,Paudalho,2610608,city,43,76.09811,3,7,0,0.1628,56506,False,False
18,2020-05-02,30,PE,Paulista,2610707,city,527,158.84307,43,30,1,0.0569,331774,False,False
18,2020-05-02,14,PE,Pedra,2610806,city,8,35.37162,1,0,0,0.0,22617,False,False
18,2020-05-02,16,PE,Pesqueira,2610905,city,5,7.41895,3,0,0,0.0,67395,False,False
18,2020-05-02,5,PE,Petrolândia,2611002,city,0,,0,0,0,0.0,36548,False,False
18,2020-05-02,41,PE,Petrolina,2611101,city,23,6.58752,3,0,0,0.0,349145,False,False
18,2020-05-02,14,PE,Poção,2611200,city,1,8.84799,0,0,0,0.0,11302,False,False
18,2020-05-02,24,PE,Pombos,2611309,city,33,121.81167,7,2,0,0.0606,27091,False,False
18,2020-05-02,6,PE,Primavera,2611408,city,3,20.04544,0,0,0,0.0,14966,False,False
18,2020-05-02,22,PE,Quipapá,2611507,city,1,3.84069,0,0,0,0.0,26037,False,False
18,2020-05-02,11,PE,Quixaba,2611533,city,1,14.67782,0,1,0,1.0,6813,False,False
18,2020-05-02,52,PE,Recife,2611606,city,4453,270.57951,432,267,10,0.06,1645727,False,False
18,2020-05-02,18,PE,Ribeirão,2611804,city,7,14.76326,0,2,1,0.2857,47415,False,False
18,2020-05-02,16,PE,Rio Formoso,2611903,city,3,12.74697,0,0,0,0.0,23535,False,False
18,2020-05-02,3,PE,Sairé,2612000,city,1,10.06847,0,1,0,1.0,9932,False,False
18,2020-05-02,26,PE,Salgueiro,2612208,city,16,26.25964,2,1,0,0.0625,60930,False,False
18,2020-05-02,16,PE,Sanharó,2612406,city,0,,0,0,0,0.0,26462,False,False
18,2020-05-02,22,PE,Santa Cruz do Capibaribe,2612505,city,4,3.70587,0,0,0,0.0,107937,False,False
18,2020-05-02,3,PE,Santa Maria da Boa Vista,2612604,city,1,2.38487,0,0,0,0.0,41931,False,False
18,2020-05-02,5,PE,Santa Maria do Cambucá,2612703,city,1,7.07364,0,0,0,0.0,14137,False,False
18,2020-05-02,22,PE,São Bento do Una,2613008,city,5,8.4028,1,0,0,0.0,59504,False,False
18,2020-05-02,23,PE,São Caitano,2613107,city,15,40.27386,0,0,0,0.0,37245,False,False
18,2020-05-02,3,PE,São João,2613206,city,2,8.77462,1,0,0,0.0,22793,False,False
18,2020-05-02,7,PE,São Joaquim do Monte,2613305,city,1,4.68252,0,0,0,0.0,21356,False,False
18,2020-05-02,21,PE,São José da Coroa Grande,2613404,city,14,65.73387,1,1,0,0.0714,21298,False,False
18,2020-05-02,5,PE,São José do Belmonte,2613503,city,1,2.94473,0,0,0,0.0,33959,False,False
18,2020-05-02,16,PE,São José do Egito,2613602,city,2,5.89084,1,0,0,0.0,33951,False,False
18,2020-05-02,36,PE,São Lourenço da Mata,2613701,city,174,153.66952,7,31,2,0.1782,113230,False,False
18,2020-05-02,16,PE,São Vicente Ferrer,2613800,city,1,5.55001,0,0,0,0.0,18018,False,False
18,2020-05-02,23,PE,Serra Talhada,2613909,city,11,12.73885,0,0,0,0.0,86350,False,False
18,2020-05-02,22,PE,Sertânia,2614105,city,6,16.70983,0,1,0,0.1667,35907,False,False
18,2020-05-02,14,PE,Sirinhaém,2614204,city,6,13.08187,0,1,0,0.1667,45865,False,False
18,2020-05-02,17,PE,Surubim,2614501,city,5,7.68179,0,0,0,0.0,65089,False,False
18,2020-05-02,12,PE,Tabira,2614600,city,2,7.00918,0,2,0,1.0,28534,False,False
18,2020-05-02,10,PE,Tamandaré,2614857,city,3,12.82709,1,0,0,0.0,23388,False,False
18,2020-05-02,4,PE,Taquaritinga do Norte,2615003,city,1,3.47524,0,0,0,0.0,28775,False,False
18,2020-05-02,7,PE,Terra Nova,2615201,city,1,9.90491,0,1,0,1.0,10096,False,False
18,2020-05-02,26,PE,Timbaúba,2615300,city,15,28.29014,1,3,1,0.2,53022,False,False
18,2020-05-02,22,PE,Toritama,2615409,city,1,2.21146,0,0,0,0.0,45219,False,False
18,2020-05-02,22,PE,Tracunhaém,2615508,city,2,14.52538,0,0,0,0.0,13769,False,False
18,2020-05-02,9,PE,Trindade,2615607,city,5,16.38216,1,1,0,0.2,30521,False,False
18,2020-05-02,18,PE,Triunfo,2615706,city,2,13.11132,0,0,0,0.0,15254,False,False
18,2020-05-02,14,PE,Tupanatinga,2615805,city,3,10.9874,0,0,0,0.0,27304,False,False
18,2020-05-02,13,PE,Tuparetama,2615904,city,1,12.19215,0,0,0,0.0,8202,False,False
18,2020-05-02,7,PE,Venturosa,2616001,city,3,16.23201,0,1,0,0.3333,18482,False,False
18,2020-05-02,16,PE,Vertentes,2616209,city,1,4.82369,0,0,0,0.0,20731,False,False
18,2020-05-02,13,PE,Vicência,2616308,city,0,,-6,0,0,0.0,32643,False,False
18,2020-05-02,26,PE,Vitória de Santo Antão,2616407,city,98,70.62707,1,14,0,0.1429,138757,False,False
18,2020-05-02,10,PE,Xexéu,2616506,city,3,20.37351,0,1,1,0.3333,14725,False,False
18,2020-05-01,23,PE,Abreu e Lima,2600054,city,77,77.0077,5,4,0,0.0519,99990,False,False
18,2020-05-01,3,PE,Afogados da Ingazeira,2600104,city,2,5.36783,0,0,0,0.0,37259,False,False
18,2020-05-01,3,PE,Afrânio,2600203,city,1,5.09295,0,0,0,0.0,19635,False,False
18,2020-05-01,8,PE,Agrestina,2600302,city,1,4.01849,0,1,0,1.0,24885,False,False
18,2020-05-01,6,PE,Água Preta,2600401,city,5,13.59767,1,2,0,0.4,36771,False,False
18,2020-05-01,13,PE,Alagoinha,2600609,city,1,6.83247,0,0,0,0.0,14636,False,False
18,2020-05-01,31,PE,Aliança,2600708,city,10,26.05116,1,4,1,0.4,38386,False,False
18,2020-05-01,13,PE,Altinho,2600807,city,2,8.70625,0,0,0,0.0,22972,False,False
18,2020-05-01,16,PE,Amaraji,2600906,city,6,26.28236,2,3,1,0.5,22829,False,False
18,2020-05-01,19,PE,Araçoiaba,2601052,city,6,29.23407,1,2,1,0.3333,20524,False,False
18,2020-05-01,24,PE,Arcoverde,2601201,city,14,18.8329,0,4,0,0.2857,74338,False,False
18,2020-05-01,1,PE,Barreiros,2601409,city,1,2.34417,1,0,0,0.0,42659,False,False
18,2020-05-01,46,PE,Belo Jardim,2601706,city,7,9.15763,0,1,0,0.1429,76439,False,False
18,2020-05-01,7,PE,Betânia,2601805,city,4,31.44901,0,0,0,0.0,12719,False,False
18,2020-05-01,19,PE,Bezerros,2601904,city,1,1.64479,0,0,0,0.0,60798,False,False
18,2020-05-01,22,PE,Bom Conselho,2602100,city,2,4.11913,0,1,0,0.5,48554,False,False
18,2020-05-01,25,PE,Bom Jardim,2602209,city,10,25.52062,0,5,0,0.5,39184,False,False
18,2020-05-01,14,PE,Bonito,2602308,city,5,13.11166,1,3,1,0.6,38134,False,False
18,2020-05-01,29,PE,Cabo de Santo Agostinho,2602902,city,98,47.33202,17,16,1,0.1633,207048,False,False
18,2020-05-01,7,PE,Cabrobó,2603009,city,1,2.92218,0,0,0,0.0,34221,False,False
18,2020-05-01,26,PE,Cachoeirinha,2603108,city,8,39.25417,0,0,0,0.0,20380,False,False
18,2020-05-01,13,PE,Caetés,2603207,city,5,17.39796,2,0,0,0.0,28739,False,False
18,2020-05-01,36,PE,Camaragibe,2603454,city,249,157.76668,18,20,2,0.0803,157828,False,False
18,2020-05-01,9,PE,Camocim de São Félix,2603504,city,3,15.98721,0,0,0,0.0,18765,False,False
18,2020-05-01,23,PE,Capoeiras,2603801,city,2,9.97606,0,0,0,0.0,20048,False,False
18,2020-05-01,18,PE,Carnaíba,2603900,city,3,15.34448,1,2,0,0.6667,19551,False,False
18,2020-05-01,6,PE,Carnaubeira da Penha,2603926,city,1,7.73276,0,0,0,0.0,12932,False,False
18,2020-05-01,23,PE,Carpina,2604007,city,16,19.12937,3,1,0,0.0625,83641,False,False
18,2020-05-01,40,PE,Caruaru,2604106,city,30,8.30753,3,4,1,0.1333,361118,False,False
18,2020-05-01,25,PE,Catende,2604205,city,4,9.32575,0,2,1,0.5,42892,False,False
18,2020-05-01,6,PE,Cedro,2604304,city,1,8.46955,0,0,0,0.0,11807,False,False
18,2020-05-01,18,PE,Chã de Alegria,2604403,city,11,81.37298,0,1,0,0.0909,13518,False,False
18,2020-05-01,20,PE,Chã Grande,2604502,city,19,87.56567,1,0,0,0.0,21698,False,False
18,2020-05-01,9,PE,Condado,2604601,city,8,30.27894,0,1,1,0.125,26421,False,False
18,2020-05-01,8,PE,Correntes,2604700,city,2,10.98479,0,0,0,0.0,18207,False,False
18,2020-05-01,2,PE,Cortês,2604809,city,1,7.95039,0,0,0,0.0,12578,False,False
18,2020-05-01,2,PE,Cumaru,2604908,city,0,,-1,0,0,0.0,10906,False,False
18,2020-05-01,16,PE,Cupira,2605004,city,2,8.29635,0,0,0,0.0,24107,False,False
18,2020-05-01,13,PE,Custódia,2605103,city,4,10.77848,0,2,0,0.5,37111,False,False
18,2020-05-01,16,PE,Escada,2605202,city,8,11.61525,1,0,0,0.0,68875,False,False
18,2020-05-01,16,PE,Feira Nova,2605400,city,4,18.07419,0,0,0,0.0,22131,False,False
18,2020-05-01,36,PE,Fernando de Noronha,2605459,city,28,914.73375,0,0,0,0.0,3061,False,False
18,2020-05-01,12,PE,Ferreiros,2605509,city,2,16.49757,0,0,0,0.0,12123,False,False
18,2020-05-01,4,PE,Flores,2605608,city,1,4.42008,0,0,0,0.0,22624,False,False
18,2020-05-01,23,PE,Frei Miguelinho,2605806,city,6,38.81736,0,2,0,0.3333,15457,False,False
18,2020-05-01,21,PE,Gameleira,2605905,city,1,3.2204,0,1,0,1.0,31052,False,False
18,2020-05-01,23,PE,Garanhuns,2606002,city,15,10.73053,3,3,0,0.2,139788,False,False
18,2020-05-01,20,PE,Glória do Goitá,2606101,city,15,49.0132,1,4,0,0.2667,30604,False,False
18,2020-05-01,36,PE,Goiana,2606200,city,29,36.35999,1,6,0,0.2069,79758,False,False
18,2020-05-01,6,PE,Granito,2606309,city,1,13.35827,0,0,0,0.0,7486,False,False
18,2020-05-01,19,PE,Gravatá,2606408,city,11,13.08371,1,1,1,0.0909,84074,False,False
18,2020-05-01,8,PE,Ibimirim,2606606,city,2,6.84112,1,1,1,0.5,29235,False,False
18,2020-05-01,2,PE,Ibirajuba,2606705,city,1,12.88328,0,0,0,0.0,7762,False,False
18,2020-05-01,25,PE,Igarassu,2606804,city,76,64.94672,9,10,0,0.1316,117019,False,False
18,2020-05-01,6,PE,Iguaracy,2606903,city,1,8.17795,0,0,0,0.0,12228,False,False
18,2020-05-01,18,PE,Ilha de Itamaracá,2607604,city,9,34.27527,0,0,0,0.0,26258,False,False
18,2020-05-01,49,PE,Importados/Indefinidos,,city,16,,0,2,1,0.125,,False,False
18,2020-05-01,11,PE,Inajá,2607000,city,1,4.30163,0,0,0,0.0,23247,False,False
18,2020-05-01,22,PE,Ipojuca,2607208,city,27,28.06536,1,3,0,0.1111,96204,False,False
18,2020-05-01,32,PE,Ipubi,2607307,city,8,25.92857,0,0,0,0.0,30854,False,False
18,2020-05-01,11,PE,Itambé,2607653,city,1,2.74371,0,0,0,0.0,36447,False,False
18,2020-05-01,12,PE,Itapetim,2607703,city,1,7.3443,0,1,0,1.0,13616,False,False
18,2020-05-01,20,PE,Itapissuma,2607752,city,7,26.26543,0,2,0,0.2857,26651,False,False
18,2020-05-01,7,PE,Itaquitinga,2607802,city,3,17.6939,0,1,0,0.3333,16955,False,False
18,2020-05-01,46,PE,Jaboatão dos Guararapes,2607901,city,627,89.27834,35,66,5,0.1053,702298,False,False
18,2020-05-01,5,PE,Jaqueira,2607950,city,1,8.57927,0,0,0,0.0,11656,False,False
18,2020-05-01,11,PE,Jataúba,2608008,city,1,5.8309,0,1,1,1.0,17150,False,False
18,2020-05-01,13,PE,Jatobá,2608057,city,1,6.75858,0,0,0,0.0,14796,False,False
18,2020-05-01,23,PE,João Alfredo,2608107,city,7,20.69659,0,0,0,0.0,33822,False,False
18,2020-05-01,10,PE,Jucati,2608255,city,1,8.7535,0,0,0,0.0,11424,False,False
18,2020-05-01,13,PE,Jupi,2608305,city,1,6.74036,0,0,0,0.0,14836,False,False
18,2020-05-01,8,PE,Jurema,2608404,city,3,19.50839,1,0,0,0.0,15378,False,False
18,2020-05-01,15,PE,Lagoa de Itaenga,2608503,city,3,13.99972,0,1,0,0.3333,21429,False,False
18,2020-05-01,26,PE,Lagoa do Carro,2608453,city,15,83.00592,5,2,0,0.1333,18071,False,False
18,2020-05-01,6,PE,Lagoa do Ouro,2608602,city,1,7.60746,0,0,0,0.0,13145,False,False
18,2020-05-01,19,PE,Lagoa dos Gatos,2608701,city,2,12.27747,0,1,0,0.5,16290,False,False
18,2020-05-01,6,PE,Lajedo,2608800,city,1,2.48213,0,0,0,0.0,40288,False,False
18,2020-05-01,23,PE,Limoeiro,2608909,city,19,33.77778,0,4,0,0.2105,56250,False,False
18,2020-05-01,25,PE,Macaparana,2609006,city,5,19.70366,0,2,0,0.4,25376,False,False
18,2020-05-01,20,PE,Machados,2609105,city,4,24.86325,0,1,0,0.25,16088,False,False
18,2020-05-01,25,PE,Moreno,2609402,city,35,55.74669,0,1,0,0.0286,62784,False,False
18,2020-05-01,10,PE,Nazaré da Mata,2609501,city,9,27.71704,1,1,0,0.1111,32471,False,False
18,2020-05-01,41,PE,Olinda,2609600,city,664,169.17973,47,51,8,0.0768,392482,False,False
18,2020-05-01,6,PE,Orobó,2609709,city,1,4.1869,0,0,0,0.0,23884,False,False
18,2020-05-01,10,PE,Orocó,2609808,city,1,6.67067,0,0,0,0.0,14991,False,False
18,2020-05-01,6,PE,Ouricuri,2609907,city,2,2.8794,0,0,0,0.0,69459,False,False
18,2020-05-01,33,PE,Palmares,2610004,city,10,15.81028,0,3,0,0.3,63250,False,False
18,2020-05-01,10,PE,Panelas,2610202,city,2,7.55458,0,1,0,0.5,26474,False,False
18,2020-05-01,24,PE,Passira,2610509,city,9,31.10635,1,0,0,0.0,28933,False,False
18,2020-05-01,26,PE,Paudalho,2610608,city,40,70.78894,1,7,0,0.175,56506,False,False
18,2020-05-01,29,PE,Paulista,2610707,city,484,145.88244,39,29,1,0.0599,331774,False,False
18,2020-05-01,13,PE,Pedra,2610806,city,7,30.95017,0,0,0,0.0,22617,False,False
18,2020-05-01,15,PE,Pesqueira,2610905,city,2,2.96758,0,0,0,0.0,67395,False,False
18,2020-05-01,4,PE,Petrolândia,2611002,city,0,,0,0,0,0.0,36548,False,False
18,2020-05-01,40,PE,Petrolina,2611101,city,20,5.72828,1,0,0,0.0,349145,False,False
18,2020-05-01,13,PE,Poção,2611200,city,1,8.84799,0,0,0,0.0,11302,False,False
18,2020-05-01,23,PE,Pombos,2611309,city,26,95.97283,1,2,0,0.0769,27091,False,False
18,2020-05-01,5,PE,Primavera,2611408,city,3,20.04544,0,0,0,0.0,14966,False,False
18,2020-05-01,21,PE,Quipapá,2611507,city,1,3.84069,0,0,0,0.0,26037,False,False
18,2020-05-01,10,PE,Quixaba,2611533,city,1,14.67782,0,1,0,1.0,6813,False,False
18,2020-05-01,51,PE,Recife,2611606,city,4021,244.32971,241,257,7,0.0639,1645727,False,False
18,2020-05-01,17,PE,Ribeirão,2611804,city,7,14.76326,1,1,0,0.1429,47415,False,False
18,2020-05-01,15,PE,Rio Formoso,2611903,city,3,12.74697,0,0,0,0.0,23535,False,False
18,2020-05-01,2,PE,Sairé,2612000,city,1,10.06847,0,1,1,1.0,9932,False,False
18,2020-05-01,25,PE,Salgueiro,2612208,city,14,22.97719,1,1,0,0.0714,60930,False,False
18,2020-05-01,15,PE,Sanharó,2612406,city,0,,0,0,0,0.0,26462,False,False
18,2020-05-01,21,PE,Santa Cruz do Capibaribe,2612505,city,4,3.70587,0,0,0,0.0,107937,False,False
18,2020-05-01,2,PE,Santa Maria da Boa Vista,2612604,city,1,2.38487,0,0,0,0.0,41931,False,False
18,2020-05-01,4,PE,Santa Maria do Cambucá,2612703,city,1,7.07364,0,0,0,0.0,14137,False,False
18,2020-05-01,21,PE,São Bento do Una,2613008,city,4,6.72224,0,0,0,0.0,59504,False,False
18,2020-05-01,22,PE,São Caitano,2613107,city,15,40.27386,0,0,0,0.0,37245,False,False
18,2020-05-01,2,PE,São João,2613206,city,1,4.38731,0,0,0,0.0,22793,False,False
18,2020-05-01,6,PE,São Joaquim do Monte,2613305,city,1,4.68252,0,0,0,0.0,21356,False,False
18,2020-05-01,20,PE,São José da Coroa Grande,2613404,city,13,61.0386,0,1,0,0.0769,21298,False,False
18,2020-05-01,4,PE,São José do Belmonte,2613503,city,1,2.94473,0,0,0,0.0,33959,False,False
18,2020-05-01,15,PE,São José do Egito,2613602,city,1,2.94542,0,0,0,0.0,33951,False,False
18,2020-05-01,35,PE,São Lourenço da Mata,2613701,city,167,147.48741,4,29,1,0.1737,113230,False,False
18,2020-05-01,15,PE,São Vicente Ferrer,2613800,city,1,5.55001,0,0,0,0.0,18018,False,False
18,2020-05-01,22,PE,Serra Talhada,2613909,city,11,12.73885,0,0,0,0.0,86350,False,False
18,2020-05-01,21,PE,Sertânia,2614105,city,6,16.70983,0,1,0,0.1667,35907,False,False
18,2020-05-01,13,PE,Sirinhaém,2614204,city,6,13.08187,0,1,0,0.1667,45865,False,False
18,2020-05-01,16,PE,Surubim,2614501,city,5,7.68179,0,0,0,0.0,65089,False,False
18,2020-05-01,11,PE,Tabira,2614600,city,2,7.00918,0,2,0,1.0,28534,False,False
18,2020-05-01,9,PE,Tamandaré,2614857,city,2,8.55139,0,0,0,0.0,23388,False,False
18,2020-05-01,3,PE,Taquaritinga do Norte,2615003,city,1,3.47524,0,0,0,0.0,28775,False,False
18,2020-05-01,6,PE,Terra Nova,2615201,city,1,9.90491,0,1,0,1.0,10096,False,False
18,2020-05-01,25,PE,Timbaúba,2615300,city,14,26.40413,1,2,0,0.1429,53022,False,False
18,2020-05-01,21,PE,Toritama,2615409,city,1,2.21146,0,0,0,0.0,45219,False,False
18,2020-05-01,21,PE,Tracunhaém,2615508,city,2,14.52538,0,0,0,0.0,13769,False,False
18,2020-05-01,8,PE,Trindade,2615607,city,4,13.10573,0,1,0,0.25,30521,False,False
18,2020-05-01,17,PE,Triunfo,2615706,city,2,13.11132,0,0,0,0.0,15254,False,False
18,2020-05-01,13,PE,Tupanatinga,2615805,city,3,10.9874,0,0,0,0.0,27304,False,False
18,2020-05-01,12,PE,Tuparetama,2615904,city,1,12.19215,0,0,0,0.0,8202,False,False
18,2020-05-01,6,PE,Venturosa,2616001,city,3,16.23201,0,1,0,0.3333,18482,False,False
18,2020-05-01,15,PE,Vertentes,2616209,city,1,4.82369,0,0,0,0.0,20731,False,False
18,2020-05-01,12,PE,Vicência,2616308,city,6,18.38066,-1,0,0,0.0,32643,False,False
18,2020-05-01,25,PE,Vitória de Santo Antão,2616407,city,97,69.90638,5,14,1,0.1443,138757,False,False
18,2020-05-01,9,PE,Xexéu,2616506,city,3,20.37351,0,0,0,0.0,14725,False,False
18,2020-04-30,22,PE,Abreu e Lima,2600054,city,72,72.0072,5,4,0,0.0556,99990,False,False
18,2020-04-30,2,PE,Afogados da Ingazeira,2600104,city,2,5.36783,0,0,0,0.0,37259,False,False
18,2020-04-30,2,PE,Afrânio,2600203,city,1,5.09295,0,0,0,0.0,19635,False,False
18,2020-04-30,7,PE,Agrestina,2600302,city,1,4.01849,0,1,0,1.0,24885,False,False
18,2020-04-30,5,PE,Água Preta,2600401,city,4,10.87814,1,2,0,0.5,36771,False,False
18,2020-04-30,12,PE,Alagoinha,2600609,city,1,6.83247,0,0,0,0.0,14636,False,False
18,2020-04-30,30,PE,Aliança,2600708,city,9,23.44605,0,3,0,0.3333,38386,False,False
18,2020-04-30,12,PE,Altinho,2600807,city,2,8.70625,0,0,0,0.0,22972,False,False
18,2020-04-30,15,PE,Amaraji,2600906,city,4,17.52157,0,2,0,0.5,22829,False,False
18,2020-04-30,18,PE,Araçoiaba,2601052,city,5,24.36172,0,1,0,0.2,20524,False,False
18,2020-04-30,23,PE,Arcoverde,2601201,city,14,18.8329,1,4,0,0.2857,74338,False,False
18,2020-04-30,45,PE,Belo Jardim,2601706,city,7,9.15763,0,1,0,0.1429,76439,False,False
18,2020-04-30,6,PE,Betânia,2601805,city,4,31.44901,0,0,0,0.0,12719,False,False
18,2020-04-30,18,PE,Bezerros,2601904,city,1,1.64479,0,0,0,0.0,60798,False,False
18,2020-04-30,21,PE,Bom Conselho,2602100,city,2,4.11913,0,1,0,0.5,48554,False,False
18,2020-04-30,24,PE,Bom Jardim,2602209,city,10,25.52062,1,5,1,0.5,39184,False,False
18,2020-04-30,13,PE,Bonito,2602308,city,4,10.48933,0,2,0,0.5,38134,False,False
18,2020-04-30,28,PE,Cabo de Santo Agostinho,2602902,city,81,39.12136,5,15,0,0.1852,207048,False,False
18,2020-04-30,6,PE,Cabrobó,2603009,city,1,2.92218,0,0,0,0.0,34221,False,False
18,2020-04-30,25,PE,Cachoeirinha,2603108,city,8,39.25417,0,0,0,0.0,20380,False,False
18,2020-04-30,12,PE,Caetés,2603207,city,3,10.43878,1,0,0,0.0,28739,False,False
18,2020-04-30,35,PE,Camaragibe,2603454,city,231,146.36186,18,18,0,0.0779,157828,False,False
18,2020-04-30,8,PE,Camocim de São Félix,2603504,city,3,15.98721,0,0,0,0.0,18765,False,False
18,2020-04-30,22,PE,Capoeiras,2603801,city,2,9.97606,1,0,0,0.0,20048,False,False
18,2020-04-30,17,PE,Carnaíba,2603900,city,2,10.22966,0,2,0,1.0,19551,False,False
18,2020-04-30,5,PE,Carnaubeira da Penha,2603926,city,1,7.73276,0,0,0,0.0,12932,False,False
18,2020-04-30,22,PE,Carpina,2604007,city,13,15.54262,0,1,0,0.0769,83641,False,False
18,2020-04-30,39,PE,Caruaru,2604106,city,27,7.47678,2,3,0,0.1111,361118,False,False
18,2020-04-30,24,PE,Catende,2604205,city,4,9.32575,1,1,0,0.25,42892,False,False
18,2020-04-30,5,PE,Cedro,2604304,city,1,8.46955,0,0,0,0.0,11807,False,False
18,2020-04-30,17,PE,Chã de Alegria,2604403,city,11,81.37298,1,1,0,0.0909,13518,False,False
18,2020-04-30,19,PE,Chã Grande,2604502,city,18,82.95695,0,0,0,0.0,21698,False,False
18,2020-04-30,8,PE,Condado,2604601,city,8,30.27894,2,0,0,0.0,26421,False,False
18,2020-04-30,7,PE,Correntes,2604700,city,2,10.98479,1,0,0,0.0,18207,False,False
18,2020-04-30,1,PE,Cortês,2604809,city,1,7.95039,1,0,0,0.0,12578,False,False
18,2020-04-30,1,PE,Cumaru,2604908,city,1,9.16926,1,0,0,0.0,10906,False,False
18,2020-04-30,15,PE,Cupira,2605004,city,2,8.29635,1,0,0,0.0,24107,False,False
18,2020-04-30,12,PE,Custódia,2605103,city,4,10.77848,0,2,0,0.5,37111,False,False
18,2020-04-30,15,PE,Escada,2605202,city,7,10.16334,0,0,0,0.0,68875,False,False
18,2020-04-30,15,PE,Feira Nova,2605400,city,4,18.07419,1,0,0,0.0,22131,False,False
18,2020-04-30,35,PE,Fernando de Noronha,2605459,city,28,914.73375,0,0,0,0.0,3061,False,False
18,2020-04-30,11,PE,Ferreiros,2605509,city,2,16.49757,1,0,0,0.0,12123,False,False
18,2020-04-30,3,PE,Flores,2605608,city,1,4.42008,0,0,0,0.0,22624,False,False
18,2020-04-30,22,PE,Frei Miguelinho,2605806,city,6,38.81736,1,2,0,0.3333,15457,False,False
18,2020-04-30,20,PE,Gameleira,2605905,city,1,3.2204,0,1,0,1.0,31052,False,False
18,2020-04-30,22,PE,Garanhuns,2606002,city,12,8.58443,2,3,0,0.25,139788,False,False
18,2020-04-30,19,PE,Glória do Goitá,2606101,city,14,45.74565,3,4,0,0.2857,30604,False,False
18,2020-04-30,35,PE,Goiana,2606200,city,28,35.1062,2,6,0,0.2143,79758,False,False
18,2020-04-30,5,PE,Granito,2606309,city,1,13.35827,0,0,0,0.0,7486,False,False
18,2020-04-30,18,PE,Gravatá,2606408,city,10,11.89428,2,0,0,0.0,84074,False,False
18,2020-04-30,7,PE,Ibimirim,2606606,city,1,3.42056,0,0,0,0.0,29235,False,False
18,2020-04-30,1,PE,Ibirajuba,2606705,city,1,12.88328,1,0,0,0.0,7762,False,False
18,2020-04-30,24,PE,Igarassu,2606804,city,67,57.25566,9,10,1,0.1493,117019,False,False
18,2020-04-30,5,PE,Iguaracy,2606903,city,1,8.17795,0,0,0,0.0,12228,False,False
18,2020-04-30,17,PE,Ilha de Itamaracá,2607604,city,9,34.27527,1,0,0,0.0,26258,False,False
18,2020-04-30,48,PE,Importados/Indefinidos,,city,16,,0,1,0,0.0625,,False,False
18,2020-04-30,10,PE,Inajá,2607000,city,1,4.30163,0,0,0,0.0,23247,False,False
18,2020-04-30,21,PE,Ipojuca,2607208,city,26,27.0259,3,3,0,0.1154,96204,False,False
18,2020-04-30,31,PE,Ipubi,2607307,city,8,25.92857,0,0,0,0.0,30854,False,False
18,2020-04-30,10,PE,Itambé,2607653,city,1,2.74371,0,0,0,0.0,36447,False,False
18,2020-04-30,11,PE,Itapetim,2607703,city,1,7.3443,0,1,0,1.0,13616,False,False
18,2020-04-30,19,PE,Itapissuma,2607752,city,7,26.26543,2,2,1,0.2857,26651,False,False
18,2020-04-30,6,PE,Itaquitinga,2607802,city,3,17.6939,1,1,0,0.3333,16955,False,False
18,2020-04-30,45,PE,Jaboatão dos Guararapes,2607901,city,592,84.2947,60,61,2,0.103,702298,False,False
18,2020-04-30,4,PE,Jaqueira,2607950,city,1,8.57927,0,0,0,0.0,11656,False,False
18,2020-04-30,10,PE,Jataúba,2608008,city,1,5.8309,0,0,0,0.0,17150,False,False
18,2020-04-30,12,PE,Jatobá,2608057,city,1,6.75858,0,0,0,0.0,14796,False,False
18,2020-04-30,22,PE,João Alfredo,2608107,city,7,20.69659,0,0,0,0.0,33822,False,False
18,2020-04-30,9,PE,Jucati,2608255,city,1,8.7535,0,0,0,0.0,11424,False,False
18,2020-04-30,12,PE,Jupi,2608305,city,1,6.74036,0,0,0,0.0,14836,False,False
18,2020-04-30,7,PE,Jurema,2608404,city,2,13.00559,0,0,0,0.0,15378,False,False
18,2020-04-30,14,PE,Lagoa de Itaenga,2608503,city,3,13.99972,1,1,0,0.3333,21429,False,False
18,2020-04-30,25,PE,Lagoa do Carro,2608453,city,10,55.33728,4,2,1,0.2,18071,False,False
18,2020-04-30,5,PE,Lagoa do Ouro,2608602,city,1,7.60746,0,0,0,0.0,13145,False,False
18,2020-04-30,18,PE,Lagoa dos Gatos,2608701,city,2,12.27747,0,1,0,0.5,16290,False,False
18,2020-04-30,5,PE,Lajedo,2608800,city,1,2.48213,0,0,0,0.0,40288,False,False
18,2020-04-30,22,PE,Limoeiro,2608909,city,19,33.77778,3,4,0,0.2105,56250,False,False
18,2020-04-30,24,PE,Macaparana,2609006,city,5,19.70366,-1,2,-1,0.4,25376,False,False
18,2020-04-30,19,PE,Machados,2609105,city,4,24.86325,0,1,0,0.25,16088,False,False
18,2020-04-30,24,PE,Moreno,2609402,city,35,55.74669,3,1,0,0.0286,62784,False,False
18,2020-04-30,9,PE,Nazaré da Mata,2609501,city,8,24.63737,2,1,0,0.125,32471,False,False
18,2020-04-30,40,PE,Olinda,2609600,city,617,157.20466,66,43,1,0.0697,392482,False,False
18,2020-04-30,5,PE,Orobó,2609709,city,1,4.1869,0,0,0,0.0,23884,False,False
18,2020-04-30,9,PE,Orocó,2609808,city,1,6.67067,0,0,0,0.0,14991,False,False
18,2020-04-30,5,PE,Ouricuri,2609907,city,2,2.8794,1,0,0,0.0,69459,False,False
18,2020-04-30,32,PE,Palmares,2610004,city,10,15.81028,2,3,0,0.3,63250,False,False
18,2020-04-30,9,PE,Panelas,2610202,city,2,7.55458,0,1,0,0.5,26474,False,False
18,2020-04-30,23,PE,Passira,2610509,city,8,27.65009,4,0,0,0.0,28933,False,False
18,2020-04-30,25,PE,Paudalho,2610608,city,39,69.01922,4,7,0,0.1795,56506,False,False
18,2020-04-30,28,PE,Paulista,2610707,city,445,134.12745,50,28,2,0.0629,331774,False,False
18,2020-04-30,12,PE,Pedra,2610806,city,7,30.95017,0,0,0,0.0,22617,False,False
18,2020-04-30,14,PE,Pesqueira,2610905,city,2,2.96758,0,0,0,0.0,67395,False,False
18,2020-04-30,3,PE,Petrolândia,2611002,city,0,,-1,0,0,0.0,36548,False,False
18,2020-04-30,39,PE,Petrolina,2611101,city,19,5.44187,2,0,0,0.0,349145,False,False
18,2020-04-30,12,PE,Poção,2611200,city,1,8.84799,0,0,0,0.0,11302,False,False
18,2020-04-30,22,PE,Pombos,2611309,city,25,92.28157,2,2,0,0.08,27091,False,False
18,2020-04-30,4,PE,Primavera,2611408,city,3,20.04544,0,0,0,0.0,14966,False,False
18,2020-04-30,20,PE,Quipapá,2611507,city,1,3.84069,0,0,0,0.0,26037,False,False
18,2020-04-30,9,PE,Quixaba,2611533,city,1,14.67782,0,1,0,1.0,6813,False,False
18,2020-04-30,50,PE,Recife,2611606,city,3780,229.68573,357,250,14,0.0661,1645727,False,False
18,2020-04-30,16,PE,Ribeirão,2611804,city,6,12.65422,1,1,0,0.1667,47415,False,False
18,2020-04-30,14,PE,Rio Formoso,2611903,city,3,12.74697,0,0,0,0.0,23535,False,False
18,2020-04-30,1,PE,Sairé,2612000,city,1,10.06847,1,0,0,0.0,9932,False,False
18,2020-04-30,24,PE,Salgueiro,2612208,city,13,21.33596,0,1,0,0.0769,60930,False,False
18,2020-04-30,14,PE,Sanharó,2612406,city,0,,0,0,0,0.0,26462,False,False
18,2020-04-30,20,PE,Santa Cruz do Capibaribe,2612505,city,4,3.70587,0,0,0,0.0,107937,False,False
18,2020-04-30,1,PE,Santa Maria da Boa Vista,2612604,city,1,2.38487,1,0,0,0.0,41931,False,False
18,2020-04-30,3,PE,Santa Maria do Cambucá,2612703,city,1,7.07364,0,0,0,0.0,14137,False,False
18,2020-04-30,20,PE,São Bento do Una,2613008,city,4,6.72224,0,0,0,0.0,59504,False,False
18,2020-04-30,21,PE,São Caitano,2613107,city,15,40.27386,5,0,0,0.0,37245,False,False
18,2020-04-30,1,PE,São João,2613206,city,1,4.38731,1,0,0,0.0,22793,False,False
18,2020-04-30,5,PE,São Joaquim do Monte,2613305,city,1,4.68252,0,0,0,0.0,21356,False,False
18,2020-04-30,19,PE,São José da Coroa Grande,2613404,city,13,61.0386,2,1,0,0.0769,21298,False,False
18,2020-04-30,3,PE,São José do Belmonte,2613503,city,1,2.94473,0,0,0,0.0,33959,False,False
18,2020-04-30,14,PE,São José do Egito,2613602,city,1,2.94542,0,0,0,0.0,33951,False,False
18,2020-04-30,34,PE,São Lourenço da Mata,2613701,city,163,143.95478,21,28,3,0.1718,113230,False,False
18,2020-04-30,14,PE,São Vicente Ferrer,2613800,city,1,5.55001,0,0,0,0.0,18018,False,False
18,2020-04-30,21,PE,Serra Talhada,2613909,city,11,12.73885,1,0,0,0.0,86350,False,False
18,2020-04-30,20,PE,Sertânia,2614105,city,6,16.70983,0,1,0,0.1667,35907,False,False
18,2020-04-30,12,PE,Sirinhaém,2614204,city,6,13.08187,0,1,0,0.1667,45865,False,False
18,2020-04-30,15,PE,Surubim,2614501,city,5,7.68179,0,0,0,0.0,65089,False,False
18,2020-04-30,10,PE,Tabira,2614600,city,2,7.00918,1,2,1,1.0,28534,False,False
18,2020-04-30,8,PE,Tamandaré,2614857,city,2,8.55139,0,0,0,0.0,23388,False,False
18,2020-04-30,2,PE,Taquaritinga do Norte,2615003,city,1,3.47524,0,0,0,0.0,28775,False,False
18,2020-04-30,5,PE,Terra Nova,2615201,city,1,9.90491,0,1,0,1.0,10096,False,False
18,2020-04-30,24,PE,Timbaúba,2615300,city,13,24.51812,1,2,0,0.1538,53022,False,False
18,2020-04-30,20,PE,Toritama,2615409,city,1,2.21146,0,0,0,0.0,45219,False,False
18,2020-04-30,20,PE,Tracunhaém,2615508,city,2,14.52538,0,0,0,0.0,13769,False,False
18,2020-04-30,7,PE,Trindade,2615607,city,4,13.10573,0,1,0,0.25,30521,False,False
18,2020-04-30,16,PE,Triunfo,2615706,city,2,13.11132,0,0,0,0.0,15254,False,False
18,2020-04-30,12,PE,Tupanatinga,2615805,city,3,10.9874,0,0,0,0.0,27304,False,False
18,2020-04-30,11,PE,Tuparetama,2615904,city,1,12.19215,0,0,0,0.0,8202,False,False
18,2020-04-30,5,PE,Venturosa,2616001,city,3,16.23201,0,1,0,0.3333,18482,False,False
18,2020-04-30,14,PE,Vertentes,2616209,city,1,4.82369,0,0,0,0.0,20731,False,False
18,2020-04-30,11,PE,Vicência,2616308,city,7,21.44411,2,0,0,0.0,32643,False,False
18,2020-04-30,24,PE,Vitória de Santo Antão,2616407,city,92,66.30296,14,13,1,0.1413,138757,False,False
18,2020-04-30,8,PE,Xexéu,2616506,city,3,20.37351,0,0,0,0.0,14725,False,False
18,2020-04-29,21,PE,Abreu e Lima,2600054,city,67,67.0067,5,4,0,0.0597,99990,False,False
18,2020-04-29,1,PE,Afogados da Ingazeira,2600104,city,2,5.36783,2,0,0,0.0,37259,False,False
18,2020-04-29,1,PE,Afrânio,2600203,city,1,5.09295,1,0,0,0.0,19635,False,False
18,2020-04-29,6,PE,Agrestina,2600302,city,1,4.01849,0,1,0,1.0,24885,False,False
18,2020-04-29,4,PE,Água Preta,2600401,city,3,8.1586,0,2,0,0.6667,36771,False,False
18,2020-04-29,11,PE,Alagoinha,2600609,city,1,6.83247,0,0,0,0.0,14636,False,False
18,2020-04-29,29,PE,Aliança,2600708,city,9,23.44605,0,3,0,0.3333,38386,False,False
18,2020-04-29,11,PE,Altinho,2600807,city,2,8.70625,1,0,0,0.0,22972,False,False
18,2020-04-29,14,PE,Amaraji,2600906,city,4,17.52157,1,2,1,0.5,22829,False,False
18,2020-04-29,17,PE,Araçoiaba,2601052,city,5,24.36172,0,1,0,0.2,20524,False,False
18,2020-04-29,22,PE,Arcoverde,2601201,city,13,17.48769,0,4,0,0.3077,74338,False,False
18,2020-04-29,44,PE,Belo Jardim,2601706,city,7,9.15763,0,1,0,0.1429,76439,False,False
18,2020-04-29,5,PE,Betânia,2601805,city,4,31.44901,0,0,0,0.0,12719,False,False
18,2020-04-29,17,PE,Bezerros,2601904,city,1,1.64479,0,0,0,0.0,60798,False,False
18,2020-04-29,20,PE,Bom Conselho,2602100,city,2,4.11913,0,1,0,0.5,48554,False,False
18,2020-04-29,23,PE,Bom Jardim,2602209,city,9,22.96856,2,4,2,0.4444,39184,False,False
18,2020-04-29,12,PE,Bonito,2602308,city,4,10.48933,0,2,0,0.5,38134,False,False
18,2020-04-29,27,PE,Cabo de Santo Agostinho,2602902,city,76,36.70646,5,15,2,0.1974,207048,False,False
18,2020-04-29,5,PE,Cabrobó,2603009,city,1,2.92218,0,0,0,0.0,34221,False,False
18,2020-04-29,24,PE,Cachoeirinha,2603108,city,8,39.25417,0,0,0,0.0,20380,False,False
18,2020-04-29,11,PE,Caetés,2603207,city,2,6.95918,0,0,0,0.0,28739,False,False
18,2020-04-29,34,PE,Camaragibe,2603454,city,213,134.95704,12,18,1,0.0845,157828,False,False
18,2020-04-29,7,PE,Camocim de São Félix,2603504,city,3,15.98721,0,0,0,0.0,18765,False,False
18,2020-04-29,21,PE,Capoeiras,2603801,city,1,4.98803,0,0,0,0.0,20048,False,False
18,2020-04-29,16,PE,Carnaíba,2603900,city,2,10.22966,0,2,0,1.0,19551,False,False
18,2020-04-29,4,PE,Carnaubeira da Penha,2603926,city,1,7.73276,0,0,0,0.0,12932,False,False
18,2020-04-29,21,PE,Carpina,2604007,city,13,15.54262,3,1,0,0.0769,83641,False,False
18,2020-04-29,38,PE,Caruaru,2604106,city,25,6.92294,2,3,0,0.12,361118,False,False
18,2020-04-29,23,PE,Catende,2604205,city,3,6.99431,-1,1,0,0.3333,42892,False,False
18,2020-04-29,4,PE,Cedro,2604304,city,1,8.46955,0,0,0,0.0,11807,False,False
18,2020-04-29,16,PE,Chã de Alegria,2604403,city,10,73.97544,2,1,0,0.1,13518,False,False
18,2020-04-29,18,PE,Chã Grande,2604502,city,18,82.95695,1,0,0,0.0,21698,False,False
18,2020-04-29,7,PE,Condado,2604601,city,6,22.70921,2,0,0,0.0,26421,False,False
18,2020-04-29,6,PE,Correntes,2604700,city,1,5.49239,0,0,0,0.0,18207,False,False
18,2020-04-29,14,PE,Cupira,2605004,city,1,4.14817,0,0,0,0.0,24107,False,False
18,2020-04-29,11,PE,Custódia,2605103,city,4,10.77848,1,2,0,0.5,37111,False,False
18,2020-04-29,14,PE,Escada,2605202,city,7,10.16334,1,0,0,0.0,68875,False,False
18,2020-04-29,14,PE,Feira Nova,2605400,city,3,13.55565,1,0,0,0.0,22131,False,False
18,2020-04-29,34,PE,Fernando de Noronha,2605459,city,28,914.73375,0,0,0,0.0,3061,False,False
18,2020-04-29,10,PE,Ferreiros,2605509,city,1,8.24878,0,0,0,0.0,12123,False,False
18,2020-04-29,2,PE,Flores,2605608,city,1,4.42008,0,0,0,0.0,22624,False,False
18,2020-04-29,21,PE,Frei Miguelinho,2605806,city,5,32.3478,0,2,1,0.4,15457,False,False
18,2020-04-29,19,PE,Gameleira,2605905,city,1,3.2204,0,1,0,1.0,31052,False,False
18,2020-04-29,21,PE,Garanhuns,2606002,city,10,7.15369,0,3,0,0.3,139788,False,False
18,2020-04-29,18,PE,Glória do Goitá,2606101,city,11,35.94301,2,4,1,0.3636,30604,False,False
18,2020-04-29,34,PE,Goiana,2606200,city,26,32.59861,5,6,1,0.2308,79758,False,False
18,2020-04-29,4,PE,Granito,2606309,city,1,13.35827,0,0,0,0.0,7486,False,False
18,2020-04-29,17,PE,Gravatá,2606408,city,8,9.51543,0,0,0,0.0,84074,False,False
18,2020-04-29,6,PE,Ibimirim,2606606,city,1,3.42056,0,0,0,0.0,29235,False,False
18,2020-04-29,23,PE,Igarassu,2606804,city,58,49.5646,4,9,0,0.1552,117019,False,False
18,2020-04-29,4,PE,Iguaracy,2606903,city,1,8.17795,0,0,0,0.0,12228,False,False
18,2020-04-29,16,PE,Ilha de Itamaracá,2607604,city,8,30.46691,0,0,0,0.0,26258,False,False
18,2020-04-29,47,PE,Importados/Indefinidos,,city,16,,0,1,0,0.0625,,False,False
18,2020-04-29,9,PE,Inajá,2607000,city,1,4.30163,0,0,0,0.0,23247,False,False
18,2020-04-29,20,PE,Ipojuca,2607208,city,23,23.90753,1,3,0,0.1304,96204,False,False
18,2020-04-29,30,PE,Ipubi,2607307,city,8,25.92857,0,0,0,0.0,30854,False,False
18,2020-04-29,9,PE,Itambé,2607653,city,1,2.74371,0,0,0,0.0,36447,False,False
18,2020-04-29,10,PE,Itapetim,2607703,city,1,7.3443,0,1,0,1.0,13616,False,False
18,2020-04-29,18,PE,Itapissuma,2607752,city,5,18.76102,0,1,0,0.2,26651,False,False
18,2020-04-29,5,PE,Itaquitinga,2607802,city,2,11.79593,0,1,0,0.5,16955,False,False
18,2020-04-29,44,PE,Jaboatão dos Guararapes,2607901,city,532,75.75132,43,59,3,0.1109,702298,False,False
18,2020-04-29,3,PE,Jaqueira,2607950,city,1,8.57927,0,0,0,0.0,11656,False,False
18,2020-04-29,9,PE,Jataúba,2608008,city,1,5.8309,0,0,0,0.0,17150,False,False
18,2020-04-29,11,PE,Jatobá,2608057,city,1,6.75858,0,0,0,0.0,14796,False,False
18,2020-04-29,21,PE,João Alfredo,2608107,city,7,20.69659,1,0,0,0.0,33822,False,False
18,2020-04-29,8,PE,Jucati,2608255,city,1,8.7535,0,0,0,0.0,11424,False,False
18,2020-04-29,11,PE,Jupi,2608305,city,1,6.74036,0,0,0,0.0,14836,False,False
18,2020-04-29,6,PE,Jurema,2608404,city,2,13.00559,0,0,0,0.0,15378,False,False
18,2020-04-29,13,PE,Lagoa de Itaenga,2608503,city,2,9.33315,0,1,0,0.5,21429,False,False
18,2020-04-29,24,PE,Lagoa do Carro,2608453,city,6,33.20237,1,1,0,0.1667,18071,False,False
18,2020-04-29,4,PE,Lagoa do Ouro,2608602,city,1,7.60746,0,0,0,0.0,13145,False,False
18,2020-04-29,17,PE,Lagoa dos Gatos,2608701,city,2,12.27747,0,1,0,0.5,16290,False,False
18,2020-04-29,4,PE,Lajedo,2608800,city,1,2.48213,0,0,0,0.0,40288,False,False
18,2020-04-29,21,PE,Limoeiro,2608909,city,16,28.44444,2,4,0,0.25,56250,False,False
18,2020-04-29,23,PE,Macaparana,2609006,city,6,23.64439,0,3,0,0.5,25376,False,False
18,2020-04-29,18,PE,Machados,2609105,city,4,24.86325,0,1,0,0.25,16088,False,False
18,2020-04-29,23,PE,Moreno,2609402,city,32,50.9684,2,1,0,0.0312,62784,False,False
18,2020-04-29,8,PE,Nazaré da Mata,2609501,city,6,18.47803,1,1,0,0.1667,32471,False,False
18,2020-04-29,39,PE,Olinda,2609600,city,551,140.3886,36,42,0,0.0762,392482,False,False
18,2020-04-29,4,PE,Orobó,2609709,city,1,4.1869,0,0,0,0.0,23884,False,False
18,2020-04-29,8,PE,Orocó,2609808,city,1,6.67067,0,0,0,0.0,14991,False,False
18,2020-04-29,4,PE,Ouricuri,2609907,city,1,1.4397,0,0,0,0.0,69459,False,False
18,2020-04-29,31,PE,Palmares,2610004,city,8,12.64822,0,3,0,0.375,63250,False,False
18,2020-04-29,8,PE,Panelas,2610202,city,2,7.55458,1,1,0,0.5,26474,False,False
18,2020-04-29,22,PE,Passira,2610509,city,4,13.82504,1,0,0,0.0,28933,False,False
18,2020-04-29,24,PE,Paudalho,2610608,city,35,61.94032,1,7,0,0.2,56506,False,False
18,2020-04-29,27,PE,Paulista,2610707,city,395,119.05695,27,26,0,0.0658,331774,False,False
18,2020-04-29,11,PE,Pedra,2610806,city,7,30.95017,0,0,0,0.0,22617,False,False
18,2020-04-29,13,PE,Pesqueira,2610905,city,2,2.96758,0,0,0,0.0,67395,False,False
18,2020-04-29,2,PE,Petrolândia,2611002,city,1,2.73613,0,0,0,0.0,36548,False,False
18,2020-04-29,38,PE,Petrolina,2611101,city,17,4.86904,0,0,0,0.0,349145,False,False
18,2020-04-29,11,PE,Poção,2611200,city,1,8.84799,0,0,0,0.0,11302,False,False
18,2020-04-29,21,PE,Pombos,2611309,city,23,84.89904,5,2,0,0.087,27091,False,False
18,2020-04-29,3,PE,Primavera,2611408,city,3,20.04544,0,0,0,0.0,14966,False,False
18,2020-04-29,19,PE,Quipapá,2611507,city,1,3.84069,0,0,0,0.0,26037,False,False
18,2020-04-29,8,PE,Quixaba,2611533,city,1,14.67782,0,1,0,1.0,6813,False,False
18,2020-04-29,49,PE,Recife,2611606,city,3423,207.99318,265,236,17,0.0689,1645727,False,False
18,2020-04-29,15,PE,Ribeirão,2611804,city,5,10.54519,1,1,0,0.2,47415,False,False
18,2020-04-29,13,PE,Rio Formoso,2611903,city,3,12.74697,0,0,0,0.0,23535,False,False
18,2020-04-29,23,PE,Salgueiro,2612208,city,13,21.33596,2,1,0,0.0769,60930,False,False
18,2020-04-29,13,PE,Sanharó,2612406,city,0,,0,0,0,0.0,26462,False,False
18,2020-04-29,19,PE,Santa Cruz do Capibaribe,2612505,city,4,3.70587,0,0,0,0.0,107937,False,False
18,2020-04-29,2,PE,Santa Maria do Cambucá,2612703,city,1,7.07364,0,0,0,0.0,14137,False,False
18,2020-04-29,19,PE,São Bento do Una,2613008,city,4,6.72224,1,0,0,0.0,59504,False,False
18,2020-04-29,20,PE,São Caitano,2613107,city,10,26.84924,1,0,0,0.0,37245,False,False
18,2020-04-29,4,PE,São Joaquim do Monte,2613305,city,1,4.68252,0,0,0,0.0,21356,False,False
18,2020-04-29,18,PE,São José da Coroa Grande,2613404,city,11,51.64804,4,1,0,0.0909,21298,False,False
18,2020-04-29,2,PE,São José do Belmonte,2613503,city,1,2.94473,0,0,0,0.0,33959,False,False
18,2020-04-29,13,PE,São José do Egito,2613602,city,1,2.94542,0,0,0,0.0,33951,False,False
18,2020-04-29,33,PE,São Lourenço da Mata,2613701,city,142,125.40846,9,25,1,0.1761,113230,False,False
18,2020-04-29,13,PE,São Vicente Ferrer,2613800,city,1,5.55001,0,0,0,0.0,18018,False,False
18,2020-04-29,20,PE,Serra Talhada,2613909,city,10,11.58078,3,0,0,0.0,86350,False,False
18,2020-04-29,19,PE,Sertânia,2614105,city,6,16.70983,0,1,0,0.1667,35907,False,False
18,2020-04-29,11,PE,Sirinhaém,2614204,city,6,13.08187,0,1,0,0.1667,45865,False,False
18,2020-04-29,14,PE,Surubim,2614501,city,5,7.68179,0,0,0,0.0,65089,False,False
18,2020-04-29,9,PE,Tabira,2614600,city,1,3.50459,0,1,0,1.0,28534,False,False
18,2020-04-29,7,PE,Tamandaré,2614857,city,2,8.55139,-1,0,0,0.0,23388,False,False
18,2020-04-29,1,PE,Taquaritinga do Norte,2615003,city,1,3.47524,1,0,0,0.0,28775,False,False
18,2020-04-29,4,PE,Terra Nova,2615201,city,1,9.90491,0,1,0,1.0,10096,False,False
18,2020-04-29,23,PE,Timbaúba,2615300,city,12,22.63211,0,2,0,0.1667,53022,False,False
18,2020-04-29,19,PE,Toritama,2615409,city,1,2.21146,0,0,0,0.0,45219,False,False
18,2020-04-29,19,PE,Tracunhaém,2615508,city,2,14.52538,0,0,0,0.0,13769,False,False
18,2020-04-29,6,PE,Trindade,2615607,city,4,13.10573,2,1,0,0.25,30521,False,False
18,2020-04-29,15,PE,Triunfo,2615706,city,2,13.11132,0,0,0,0.0,15254,False,False
18,2020-04-29,11,PE,Tupanatinga,2615805,city,3,10.9874,0,0,0,0.0,27304,False,False
18,2020-04-29,10,PE,Tuparetama,2615904,city,1,12.19215,0,0,0,0.0,8202,False,False
18,2020-04-29,4,PE,Venturosa,2616001,city,3,16.23201,0,1,0,0.3333,18482,False,False
18,2020-04-29,13,PE,Vertentes,2616209,city,1,4.82369,0,0,0,0.0,20731,False,False
18,2020-04-29,10,PE,Vicência,2616308,city,5,15.31722,0,0,0,0.0,32643,False,False
18,2020-04-29,23,PE,Vitória de Santo Antão,2616407,city,78,56.21338,8,12,0,0.1538,138757,False,False
18,2020-04-29,7,PE,Xexéu,2616506,city,3,20.37351,0,0,0,0.0,14725,False,False
18,2020-04-28,20,PE,Abreu e Lima,2600054,city,62,62.0062,8,4,2,0.0645,99990,False,False
18,2020-04-28,5,PE,Agrestina,2600302,city,1,4.01849,0,1,0,1.0,24885,False,False
18,2020-04-28,3,PE,Água Preta,2600401,city,3,8.1586,0,2,0,0.6667,36771,False,False
18,2020-04-28,10,PE,Alagoinha,2600609,city,1,6.83247,0,0,0,0.0,14636,False,False
18,2020-04-28,28,PE,Aliança,2600708,city,9,23.44605,0,3,1,0.3333,38386,False,False
18,2020-04-28,10,PE,Altinho,2600807,city,1,4.35313,0,0,0,0.0,22972,False,False
18,2020-04-28,13,PE,Amaraji,2600906,city,3,13.14118,0,1,0,0.3333,22829,False,False
18,2020-04-28,16,PE,Araçoiaba,2601052,city,5,24.36172,0,1,0,0.2,20524,False,False
18,2020-04-28,21,PE,Arcoverde,2601201,city,13,17.48769,0,4,1,0.3077,74338,False,False
18,2020-04-28,43,PE,Belo Jardim,2601706,city,7,9.15763,1,1,0,0.1429,76439,False,False
18,2020-04-28,4,PE,Betânia,2601805,city,4,31.44901,0,0,0,0.0,12719,False,False
18,2020-04-28,16,PE,Bezerros,2601904,city,1,1.64479,0,0,0,0.0,60798,False,False
18,2020-04-28,19,PE,Bom Conselho,2602100,city,2,4.11913,0,1,0,0.5,48554,False,False
18,2020-04-28,22,PE,Bom Jardim,2602209,city,7,17.86443,0,2,0,0.2857,39184,False,False
18,2020-04-28,11,PE,Bonito,2602308,city,4,10.48933,0,2,0,0.5,38134,False,False
18,2020-04-28,26,PE,Cabo de Santo Agostinho,2602902,city,71,34.29157,5,13,1,0.1831,207048,False,False
18,2020-04-28,4,PE,Cabrobó,2603009,city,1,2.92218,0,0,0,0.0,34221,False,False
18,2020-04-28,23,PE,Cachoeirinha,2603108,city,8,39.25417,0,0,0,0.0,20380,False,False
18,2020-04-28,10,PE,Caetés,2603207,city,2,6.95918,0,0,0,0.0,28739,False,False
18,2020-04-28,33,PE,Camaragibe,2603454,city,201,127.35383,11,17,0,0.0846,157828,False,False
18,2020-04-28,6,PE,Camocim de São Félix,2603504,city,3,15.98721,0,0,0,0.0,18765,False,False
18,2020-04-28,20,PE,Capoeiras,2603801,city,1,4.98803,0,0,0,0.0,20048,False,False
18,2020-04-28,15,PE,Carnaíba,2603900,city,2,10.22966,1,2,1,1.0,19551,False,False
18,2020-04-28,3,PE,Carnaubeira da Penha,2603926,city,1,7.73276,0,0,0,0.0,12932,False,False
18,2020-04-28,20,PE,Carpina,2604007,city,10,11.95586,1,1,0,0.1,83641,False,False
18,2020-04-28,37,PE,Caruaru,2604106,city,23,6.36911,0,3,0,0.1304,361118,False,False
18,2020-04-28,22,PE,Catende,2604205,city,4,9.32575,0,1,0,0.25,42892,False,False
18,2020-04-28,3,PE,Cedro,2604304,city,1,8.46955,0,0,0,0.0,11807,False,False
18,2020-04-28,15,PE,Chã de Alegria,2604403,city,8,59.18035,1,1,0,0.125,13518,False,False
18,2020-04-28,17,PE,Chã Grande,2604502,city,17,78.34823,0,0,0,0.0,21698,False,False
18,2020-04-28,6,PE,Condado,2604601,city,4,15.13947,0,0,0,0.0,26421,False,False
18,2020-04-28,5,PE,Correntes,2604700,city,1,5.49239,0,0,0,0.0,18207,False,False
18,2020-04-28,13,PE,Cupira,2605004,city,1,4.14817,0,0,0,0.0,24107,False,False
18,2020-04-28,10,PE,Custódia,2605103,city,3,8.08386,0,2,1,0.6667,37111,False,False
18,2020-04-28,13,PE,Escada,2605202,city,6,8.71143,1,0,0,0.0,68875,False,False
18,2020-04-28,13,PE,Feira Nova,2605400,city,2,9.0371,0,0,0,0.0,22131,False,False
18,2020-04-28,33,PE,Fernando de Noronha,2605459,city,28,914.73375,0,0,0,0.0,3061,False,False
18,2020-04-28,9,PE,Ferreiros,2605509,city,1,8.24878,0,0,0,0.0,12123,False,False
18,2020-04-28,1,PE,Flores,2605608,city,1,4.42008,1,0,0,0.0,22624,False,False
18,2020-04-28,20,PE,Frei Miguelinho,2605806,city,5,32.3478,0,1,0,0.2,15457,False,False
18,2020-04-28,18,PE,Gameleira,2605905,city,1,3.2204,0,1,0,1.0,31052,False,False
18,2020-04-28,20,PE,Garanhuns,2606002,city,10,7.15369,1,3,1,0.3,139788,False,False
18,2020-04-28,17,PE,Glória do Goitá,2606101,city,9,29.40792,0,3,0,0.3333,30604,False,False
18,2020-04-28,33,PE,Goiana,2606200,city,21,26.32965,0,5,2,0.2381,79758,False,False
18,2020-04-28,3,PE,Granito,2606309,city,1,13.35827,0,0,0,0.0,7486,False,False
18,2020-04-28,16,PE,Gravatá,2606408,city,8,9.51543,1,0,0,0.0,84074,False,False
18,2020-04-28,5,PE,Ibimirim,2606606,city,1,3.42056,0,0,0,0.0,29235,False,False
18,2020-04-28,22,PE,Igarassu,2606804,city,54,46.14635,8,9,1,0.1667,117019,False,False
18,2020-04-28,3,PE,Iguaracy,2606903,city,1,8.17795,0,0,0,0.0,12228,False,False
18,2020-04-28,15,PE,Ilha de Itamaracá,2607604,city,8,30.46691,0,0,0,0.0,26258,False,False
18,2020-04-28,46,PE,Importados/Indefinidos,,city,16,,0,1,0,0.0625,,False,False
18,2020-04-28,8,PE,Inajá,2607000,city,1,4.30163,0,0,0,0.0,23247,False,False
18,2020-04-28,19,PE,Ipojuca,2607208,city,22,22.86807,2,3,0,0.1364,96204,False,False
18,2020-04-28,29,PE,Ipubi,2607307,city,8,25.92857,0,0,0,0.0,30854,False,False
18,2020-04-28,8,PE,Itambé,2607653,city,1,2.74371,0,0,0,0.0,36447,False,False
18,2020-04-28,9,PE,Itapetim,2607703,city,1,7.3443,0,1,0,1.0,13616,False,False
18,2020-04-28,17,PE,Itapissuma,2607752,city,5,18.76102,0,1,1,0.2,26651,False,False
18,2020-04-28,4,PE,Itaquitinga,2607802,city,2,11.79593,0,1,0,0.5,16955,False,False
18,2020-04-28,43,PE,Jaboatão dos Guararapes,2607901,city,489,69.62856,33,56,4,0.1145,702298,False,False
18,2020-04-28,2,PE,Jaqueira,2607950,city,1,8.57927,0,0,0,0.0,11656,False,False
18,2020-04-28,8,PE,Jataúba,2608008,city,1,5.8309,0,0,0,0.0,17150,False,False
18,2020-04-28,10,PE,Jatobá,2608057,city,1,6.75858,0,0,0,0.0,14796,False,False
18,2020-04-28,20,PE,João Alfredo,2608107,city,6,17.73993,0,0,0,0.0,33822,False,False
18,2020-04-28,7,PE,Jucati,2608255,city,1,8.7535,0,0,0,0.0,11424,False,False
18,2020-04-28,10,PE,Jupi,2608305,city,1,6.74036,0,0,0,0.0,14836,False,False
18,2020-04-28,5,PE,Jurema,2608404,city,2,13.00559,0,0,0,0.0,15378,False,False
18,2020-04-28,12,PE,Lagoa de Itaenga,2608503,city,2,9.33315,0,1,0,0.5,21429,False,False
18,2020-04-28,23,PE,Lagoa do Carro,2608453,city,5,27.66864,2,1,0,0.2,18071,False,False
18,2020-04-28,3,PE,Lagoa do Ouro,2608602,city,1,7.60746,0,0,0,0.0,13145,False,False
18,2020-04-28,16,PE,Lagoa dos Gatos,2608701,city,2,12.27747,0,1,0,0.5,16290,False,False
18,2020-04-28,3,PE,Lajedo,2608800,city,1,2.48213,0,0,0,0.0,40288,False,False
18,2020-04-28,20,PE,Limoeiro,2608909,city,14,24.88889,2,4,1,0.2857,56250,False,False
18,2020-04-28,22,PE,Macaparana,2609006,city,6,23.64439,2,3,1,0.5,25376,False,False
18,2020-04-28,17,PE,Machados,2609105,city,4,24.86325,0,1,0,0.25,16088,False,False
18,2020-04-28,22,PE,Moreno,2609402,city,30,47.78287,1,1,0,0.0333,62784,False,False
18,2020-04-28,7,PE,Nazaré da Mata,2609501,city,5,15.39836,0,1,1,0.2,32471,False,False
18,2020-04-28,38,PE,Olinda,2609600,city,515,131.21621,39,42,7,0.0816,392482,False,False
18,2020-04-28,3,PE,Orobó,2609709,city,1,4.1869,0,0,0,0.0,23884,False,False
18,2020-04-28,7,PE,Orocó,2609808,city,1,6.67067,0,0,0,0.0,14991,False,False
18,2020-04-28,3,PE,Ouricuri,2609907,city,1,1.4397,0,0,0,0.0,69459,False,False
18,2020-04-28,30,PE,Palmares,2610004,city,8,12.64822,0,3,0,0.375,63250,False,False
18,2020-04-28,7,PE,Panelas,2610202,city,1,3.77729,0,1,0,1.0,26474,False,False
18,2020-04-28,21,PE,Passira,2610509,city,3,10.36878,0,0,0,0.0,28933,False,False
18,2020-04-28,23,PE,Paudalho,2610608,city,34,60.1706,1,7,0,0.2059,56506,False,False
18,2020-04-28,26,PE,Paulista,2610707,city,368,110.91888,31,26,5,0.0707,331774,False,False
18,2020-04-28,10,PE,Pedra,2610806,city,7,30.95017,3,0,0,0.0,22617,False,False
18,2020-04-28,12,PE,Pesqueira,2610905,city,2,2.96758,0,0,0,0.0,67395,False,False
18,2020-04-28,1,PE,Petrolândia,2611002,city,1,2.73613,1,0,0,0.0,36548,False,False
18,2020-04-28,37,PE,Petrolina,2611101,city,17,4.86904,0,0,0,0.0,349145,False,False
18,2020-04-28,10,PE,Poção,2611200,city,1,8.84799,0,0,0,0.0,11302,False,False
18,2020-04-28,20,PE,Pombos,2611309,city,18,66.44273,0,2,0,0.1111,27091,False,False
18,2020-04-28,2,PE,Primavera,2611408,city,3,20.04544,2,0,0,0.0,14966,False,False
18,2020-04-28,18,PE,Quipapá,2611507,city,1,3.84069,0,0,0,0.0,26037,False,False
18,2020-04-28,7,PE,Quixaba,2611533,city,1,14.67782,0,1,0,1.0,6813,False,False
18,2020-04-28,48,PE,Recife,2611606,city,3158,191.89088,187,219,24,0.0693,1645727,False,False
18,2020-04-28,14,PE,Ribeirão,2611804,city,4,8.43615,0,1,0,0.25,47415,False,False
18,2020-04-28,12,PE,Rio Formoso,2611903,city,3,12.74697,0,0,0,0.0,23535,False,False
18,2020-04-28,22,PE,Salgueiro,2612208,city,11,18.0535,0,1,1,0.0909,60930,False,False
18,2020-04-28,12,PE,Sanharó,2612406,city,0,,0,0,0,0.0,26462,False,False
18,2020-04-28,18,PE,Santa Cruz do Capibaribe,2612505,city,4,3.70587,0,0,0,0.0,107937,False,False
18,2020-04-28,1,PE,Santa Maria do Cambucá,2612703,city,1,7.07364,1,0,0,0.0,14137,False,False
18,2020-04-28,18,PE,São Bento do Una,2613008,city,3,5.04168,0,0,0,0.0,59504,False,False
18,2020-04-28,19,PE,São Caitano,2613107,city,9,24.16432,3,0,0,0.0,37245,False,False
18,2020-04-28,3,PE,São Joaquim do Monte,2613305,city,1,4.68252,0,0,0,0.0,21356,False,False
18,2020-04-28,17,PE,São José da Coroa Grande,2613404,city,7,32.86694,1,1,0,0.1429,21298,False,False
18,2020-04-28,1,PE,São José do Belmonte,2613503,city,1,2.94473,1,0,0,0.0,33959,False,False
18,2020-04-28,12,PE,São José do Egito,2613602,city,1,2.94542,0,0,0,0.0,33951,False,False
18,2020-04-28,32,PE,São Lourenço da Mata,2613701,city,133,117.46004,8,24,1,0.1805,113230,False,False
18,2020-04-28,12,PE,São Vicente Ferrer,2613800,city,1,5.55001,0,0,0,0.0,18018,False,False
18,2020-04-28,19,PE,Serra Talhada,2613909,city,7,8.10654,0,0,0,0.0,86350,False,False
18,2020-04-28,18,PE,Sertânia,2614105,city,6,16.70983,0,1,0,0.1667,35907,False,False
18,2020-04-28,10,PE,Sirinhaém,2614204,city,6,13.08187,0,1,0,0.1667,45865,False,False
18,2020-04-28,13,PE,Surubim,2614501,city,5,7.68179,1,0,0,0.0,65089,False,False
18,2020-04-28,8,PE,Tabira,2614600,city,1,3.50459,0,1,0,1.0,28534,False,False
18,2020-04-28,6,PE,Tamandaré,2614857,city,3,12.82709,0,0,0,0.0,23388,False,False
18,2020-04-28,3,PE,Terra Nova,2615201,city,1,9.90491,0,1,0,1.0,10096,False,False
18,2020-04-28,22,PE,Timbaúba,2615300,city,12,22.63211,0,2,0,0.1667,53022,False,False
18,2020-04-28,18,PE,Toritama,2615409,city,1,2.21146,0,0,0,0.0,45219,False,False
18,2020-04-28,18,PE,Tracunhaém,2615508,city,2,14.52538,0,0,0,0.0,13769,False,False
18,2020-04-28,5,PE,Trindade,2615607,city,2,6.55287,0,1,0,0.5,30521,False,False
18,2020-04-28,14,PE,Triunfo,2615706,city,2,13.11132,0,0,0,0.0,15254,False,False
18,2020-04-28,10,PE,Tupanatinga,2615805,city,3,10.9874,0,0,0,0.0,27304,False,False
18,2020-04-28,9,PE,Tuparetama,2615904,city,1,12.19215,0,0,0,0.0,8202,False,False
18,2020-04-28,3,PE,Venturosa,2616001,city,3,16.23201,0,1,0,0.3333,18482,False,False
18,2020-04-28,12,PE,Vertentes,2616209,city,1,4.82369,0,0,0,0.0,20731,False,False
18,2020-04-28,9,PE,Vicência,2616308,city,5,15.31722,0,0,0,0.0,32643,False,False
18,2020-04-28,22,PE,Vitória de Santo Antão,2616407,city,70,50.44791,4,12,1,0.1714,138757,False,False
18,2020-04-28,6,PE,Xexéu,2616506,city,3,20.37351,1,0,0,0.0,14725,False,False
18,2020-04-27,19,PE,Abreu e Lima,2600054,city,54,54.0054,5,2,0,0.037,99990,False,False
18,2020-04-27,4,PE,Agrestina,2600302,city,1,4.01849,0,1,0,1.0,24885,False,False
18,2020-04-27,2,PE,Água Preta,2600401,city,3,8.1586,2,2,2,0.6667,36771,False,False
18,2020-04-27,9,PE,Alagoinha,2600609,city,1,6.83247,0,0,0,0.0,14636,False,False
18,2020-04-27,27,PE,Aliança,2600708,city,9,23.44605,0,2,1,0.2222,38386,False,False
18,2020-04-27,9,PE,Altinho,2600807,city,1,4.35313,0,0,0,0.0,22972,False,False
18,2020-04-27,12,PE,Amaraji,2600906,city,3,13.14118,0,1,0,0.3333,22829,False,False
18,2020-04-27,15,PE,Araçoiaba,2601052,city,5,24.36172,2,1,1,0.2,20524,False,False
18,2020-04-27,20,PE,Arcoverde,2601201,city,13,17.48769,1,3,0,0.2308,74338,False,False
18,2020-04-27,42,PE,Belo Jardim,2601706,city,6,7.8494,1,1,0,0.1667,76439,False,False
18,2020-04-27,3,PE,Betânia,2601805,city,4,31.44901,0,0,0,0.0,12719,False,False
18,2020-04-27,15,PE,Bezerros,2601904,city,1,1.64479,0,0,0,0.0,60798,False,False
18,2020-04-27,18,PE,Bom Conselho,2602100,city,2,4.11913,0,1,0,0.5,48554,False,False
18,2020-04-27,21,PE,Bom Jardim,2602209,city,7,17.86443,0,2,0,0.2857,39184,False,False
18,2020-04-27,10,PE,Bonito,2602308,city,4,10.48933,2,2,1,0.5,38134,False,False
18,2020-04-27,25,PE,Cabo de Santo Agostinho,2602902,city,66,31.87667,12,12,1,0.1818,207048,False,False
18,2020-04-27,3,PE,Cabrobó,2603009,city,1,2.92218,0,0,0,0.0,34221,False,False
18,2020-04-27,22,PE,Cachoeirinha,2603108,city,8,39.25417,0,0,0,0.0,20380,False,False
18,2020-04-27,9,PE,Caetés,2603207,city,2,6.95918,0,0,0,0.0,28739,False,False
18,2020-04-27,32,PE,Camaragibe,2603454,city,190,120.38422,16,17,3,0.0895,157828,False,False
18,2020-04-27,5,PE,Camocim de São Félix,2603504,city,3,15.98721,0,0,0,0.0,18765,False,False
18,2020-04-27,19,PE,Capoeiras,2603801,city,1,4.98803,0,0,0,0.0,20048,False,False
18,2020-04-27,14,PE,Carnaíba,2603900,city,1,5.11483,0,1,0,1.0,19551,False,False
18,2020-04-27,2,PE,Carnaubeira da Penha,2603926,city,1,7.73276,0,0,0,0.0,12932,False,False
18,2020-04-27,19,PE,Carpina,2604007,city,9,10.76027,2,1,1,0.1111,83641,False,False
18,2020-04-27,36,PE,Caruaru,2604106,city,23,6.36911,1,3,0,0.1304,361118,False,False
18,2020-04-27,21,PE,Catende,2604205,city,4,9.32575,0,1,0,0.25,42892,False,False
18,2020-04-27,2,PE,Cedro,2604304,city,1,8.46955,0,0,0,0.0,11807,False,False
18,2020-04-27,14,PE,Chã de Alegria,2604403,city,7,51.78281,2,1,1,0.1429,13518,False,False
18,2020-04-27,16,PE,Chã Grande,2604502,city,17,78.34823,5,0,0,0.0,21698,False,False
18,2020-04-27,5,PE,Condado,2604601,city,4,15.13947,2,0,0,0.0,26421,False,False
18,2020-04-27,4,PE,Correntes,2604700,city,1,5.49239,0,0,0,0.0,18207,False,False
18,2020-04-27,12,PE,Cupira,2605004,city,1,4.14817,0,0,0,0.0,24107,False,False
18,2020-04-27,9,PE,Custódia,2605103,city,3,8.08386,1,1,0,0.3333,37111,False,False
18,2020-04-27,12,PE,Escada,2605202,city,5,7.25953,0,0,0,0.0,68875,False,False
18,2020-04-27,12,PE,Feira Nova,2605400,city,2,9.0371,0,0,0,0.0,22131,False,False
18,2020-04-27,32,PE,Fernando de Noronha,2605459,city,28,914.73375,0,0,0,0.0,3061,False,False
18,2020-04-27,8,PE,Ferreiros,2605509,city,1,8.24878,0,0,0,0.0,12123,False,False
18,2020-04-27,19,PE,Frei Miguelinho,2605806,city,5,32.3478,0,1,0,0.2,15457,False,False
18,2020-04-27,17,PE,Gameleira,2605905,city,1,3.2204,0,1,0,1.0,31052,False,False
18,2020-04-27,19,PE,Garanhuns,2606002,city,9,6.43832,0,2,0,0.2222,139788,False,False
18,2020-04-27,16,PE,Glória do Goitá,2606101,city,9,29.40792,0,3,0,0.3333,30604,False,False
18,2020-04-27,32,PE,Goiana,2606200,city,21,26.32965,1,3,-1,0.1429,79758,False,False
18,2020-04-27,2,PE,Granito,2606309,city,1,13.35827,0,0,0,0.0,7486,False,False
18,2020-04-27,15,PE,Gravatá,2606408,city,7,8.326,0,0,0,0.0,84074,False,False
18,2020-04-27,4,PE,Ibimirim,2606606,city,1,3.42056,0,0,0,0.0,29235,False,False
18,2020-04-27,21,PE,Igarassu,2606804,city,46,39.30986,1,8,0,0.1739,117019,False,False
18,2020-04-27,2,PE,Iguaracy,2606903,city,1,8.17795,0,0,0,0.0,12228,False,False
18,2020-04-27,14,PE,Ilha de Itamaracá,2607604,city,8,30.46691,1,0,0,0.0,26258,False,False
18,2020-04-27,45,PE,Importados/Indefinidos,,city,16,,2,1,0,0.0625,,False,False
18,2020-04-27,7,PE,Inajá,2607000,city,1,4.30163,0,0,0,0.0,23247,False,False
18,2020-04-27,18,PE,Ipojuca,2607208,city,20,20.78916,0,3,0,0.15,96204,False,False
18,2020-04-27,28,PE,Ipubi,2607307,city,8,25.92857,0,0,0,0.0,30854,False,False
18,2020-04-27,7,PE,Itambé,2607653,city,1,2.74371,0,0,0,0.0,36447,False,False
18,2020-04-27,8,PE,Itapetim,2607703,city,1,7.3443,0,1,0,1.0,13616,False,False
18,2020-04-27,16,PE,Itapissuma,2607752,city,5,18.76102,1,0,0,0.0,26651,False,False
18,2020-04-27,3,PE,Itaquitinga,2607802,city,2,11.79593,0,1,0,0.5,16955,False,False
18,2020-04-27,42,PE,Jaboatão dos Guararapes,2607901,city,456,64.9297,46,52,4,0.114,702298,False,False
18,2020-04-27,1,PE,Jaqueira,2607950,city,1,8.57927,1,0,0,0.0,11656,False,False
18,2020-04-27,7,PE,Jataúba,2608008,city,1,5.8309,0,0,0,0.0,17150,False,False
18,2020-04-27,9,PE,Jatobá,2608057,city,1,6.75858,0,0,0,0.0,14796,False,False
18,2020-04-27,19,PE,João Alfredo,2608107,city,6,17.73993,0,0,0,0.0,33822,False,False
18,2020-04-27,6,PE,Jucati,2608255,city,1,8.7535,0,0,0,0.0,11424,False,False
18,2020-04-27,9,PE,Jupi,2608305,city,1,6.74036,0,0,0,0.0,14836,False,False
18,2020-04-27,4,PE,Jurema,2608404,city,2,13.00559,0,0,0,0.0,15378,False,False
18,2020-04-27,11,PE,Lagoa de Itaenga,2608503,city,2,9.33315,0,1,0,0.5,21429,False,False
18,2020-04-27,22,PE,Lagoa do Carro,2608453,city,3,16.60118,1,1,0,0.3333,18071,False,False
18,2020-04-27,2,PE,Lagoa do Ouro,2608602,city,1,7.60746,0,0,0,0.0,13145,False,False
18,2020-04-27,15,PE,Lagoa dos Gatos,2608701,city,2,12.27747,0,1,0,0.5,16290,False,False
18,2020-04-27,2,PE,Lajedo,2608800,city,1,2.48213,0,0,0,0.0,40288,False,False
18,2020-04-27,19,PE,Limoeiro,2608909,city,12,21.33333,0,3,0,0.25,56250,False,False
18,2020-04-27,21,PE,Macaparana,2609006,city,4,15.76293,0,2,0,0.5,25376,False,False
18,2020-04-27,16,PE,Machados,2609105,city,4,24.86325,0,1,0,0.25,16088,False,False
18,2020-04-27,21,PE,Moreno,2609402,city,29,46.19011,2,1,0,0.0345,62784,False,False
18,2020-04-27,6,PE,Nazaré da Mata,2609501,city,5,15.39836,1,0,0,0.0,32471,False,False
18,2020-04-27,37,PE,Olinda,2609600,city,476,121.27945,43,35,3,0.0735,392482,False,False
18,2020-04-27,2,PE,Orobó,2609709,city,1,4.1869,0,0,0,0.0,23884,False,False
18,2020-04-27,6,PE,Orocó,2609808,city,1,6.67067,0,0,0,0.0,14991,False,False
18,2020-04-27,2,PE,Ouricuri,2609907,city,1,1.4397,0,0,0,0.0,69459,False,False
18,2020-04-27,29,PE,Palmares,2610004,city,8,12.64822,0,3,0,0.375,63250,False,False
18,2020-04-27,6,PE,Panelas,2610202,city,1,3.77729,0,1,0,1.0,26474,False,False
18,2020-04-27,20,PE,Passira,2610509,city,3,10.36878,0,0,0,0.0,28933,False,False
18,2020-04-27,22,PE,Paudalho,2610608,city,33,58.40088,8,7,0,0.2121,56506,False,False
18,2020-04-27,25,PE,Paulista,2610707,city,337,101.57517,26,21,1,0.0623,331774,False,False
18,2020-04-27,9,PE,Pedra,2610806,city,4,17.68581,0,0,0,0.0,22617,False,False
18,2020-04-27,11,PE,Pesqueira,2610905,city,2,2.96758,1,0,0,0.0,67395,False,False
18,2020-04-27,36,PE,Petrolina,2611101,city,17,4.86904,1,0,0,0.0,349145,False,False
18,2020-04-27,9,PE,Poção,2611200,city,1,8.84799,0,0,0,0.0,11302,False,False
18,2020-04-27,19,PE,Pombos,2611309,city,18,66.44273,0,2,0,0.1111,27091,False,False
18,2020-04-27,1,PE,Primavera,2611408,city,1,6.68181,1,0,0,0.0,14966,False,False
18,2020-04-27,17,PE,Quipapá,2611507,city,1,3.84069,0,0,0,0.0,26037,False,False
18,2020-04-27,6,PE,Quixaba,2611533,city,1,14.67782,0,1,0,1.0,6813,False,False
18,2020-04-27,47,PE,Recife,2611606,city,2971,180.52812,249,195,13,0.0656,1645727,False,False
18,2020-04-27,13,PE,Ribeirão,2611804,city,4,8.43615,2,1,1,0.25,47415,False,False
18,2020-04-27,11,PE,Rio Formoso,2611903,city,3,12.74697,0,0,0,0.0,23535,False,False
18,2020-04-27,21,PE,Salgueiro,2612208,city,11,18.0535,0,0,0,0.0,60930,False,False
18,2020-04-27,11,PE,Sanharó,2612406,city,0,,0,0,0,0.0,26462,False,False
18,2020-04-27,17,PE,Santa Cruz do Capibaribe,2612505,city,4,3.70587,1,0,0,0.0,107937,False,False
18,2020-04-27,17,PE,São Bento do Una,2613008,city,3,5.04168,0,0,0,0.0,59504,False,False
18,2020-04-27,18,PE,São Caitano,2613107,city,6,16.10954,2,0,0,0.0,37245,False,False
18,2020-04-27,2,PE,São Joaquim do Monte,2613305,city,1,4.68252,0,0,0,0.0,21356,False,False
18,2020-04-27,16,PE,São José da Coroa Grande,2613404,city,6,28.17166,0,1,0,0.1667,21298,False,False
18,2020-04-27,11,PE,São José do Egito,2613602,city,1,2.94542,0,0,0,0.0,33951,False,False
18,2020-04-27,31,PE,São Lourenço da Mata,2613701,city,125,110.39477,7,23,0,0.184,113230,False,False
18,2020-04-27,11,PE,São Vicente Ferrer,2613800,city,1,5.55001,0,0,0,0.0,18018,False,False
18,2020-04-27,18,PE,Serra Talhada,2613909,city,7,8.10654,0,0,0,0.0,86350,False,False
18,2020-04-27,17,PE,Sertânia,2614105,city,6,16.70983,0,1,0,0.1667,35907,False,False
18,2020-04-27,9,PE,Sirinhaém,2614204,city,6,13.08187,2,1,1,0.1667,45865,False,False
18,2020-04-27,12,PE,Surubim,2614501,city,4,6.14543,0,0,0,0.0,65089,False,False
18,2020-04-27,7,PE,Tabira,2614600,city,1,3.50459,0,1,0,1.0,28534,False,False
18,2020-04-27,5,PE,Tamandaré,2614857,city,3,12.82709,0,0,0,0.0,23388,False,False
18,2020-04-27,2,PE,Terra Nova,2615201,city,1,9.90491,0,1,0,1.0,10096,False,False
18,2020-04-27,21,PE,Timbaúba,2615300,city,12,22.63211,1,2,0,0.1667,53022,False,False
18,2020-04-27,17,PE,Toritama,2615409,city,1,2.21146,0,0,0,0.0,45219,False,False
18,2020-04-27,17,PE,Tracunhaém,2615508,city,2,14.52538,0,0,0,0.0,13769,False,False
18,2020-04-27,4,PE,Trindade,2615607,city,2,6.55287,0,1,0,0.5,30521,False,False
18,2020-04-27,13,PE,Triunfo,2615706,city,2,13.11132,0,0,0,0.0,15254,False,False
18,2020-04-27,9,PE,Tupanatinga,2615805,city,3,10.9874,0,0,0,0.0,27304,False,False
18,2020-04-27,8,PE,Tuparetama,2615904,city,1,12.19215,0,0,0,0.0,8202,False,False
18,2020-04-27,2,PE,Venturosa,2616001,city,3,16.23201,1,1,1,0.3333,18482,False,False
18,2020-04-27,11,PE,Vertentes,2616209,city,1,4.82369,0,0,0,0.0,20731,False,False
18,2020-04-27,8,PE,Vicência,2616308,city,5,15.31722,1,0,0,0.0,32643,False,False
18,2020-04-27,21,PE,Vitória de Santo Antão,2616407,city,66,47.56517,3,11,1,0.1667,138757,False,False
18,2020-04-27,5,PE,Xexéu,2616506,city,2,13.58234,0,0,0,0.0,14725,False,False
18,2020-04-26,18,PE,Abreu e Lima,2600054,city,49,49.0049,10,2,0,0.0408,99990,False,False
18,2020-04-26,3,PE,Agrestina,2600302,city,1,4.01849,0,1,0,1.0,24885,False,False
18,2020-04-26,1,PE,Água Preta,2600401,city,1,2.71953,1,0,0,0.0,36771,False,False
18,2020-04-26,8,PE,Alagoinha,2600609,city,1,6.83247,0,0,0,0.0,14636,False,False
18,2020-04-26,26,PE,Aliança,2600708,city,9,23.44605,2,1,0,0.1111,38386,False,False
18,2020-04-26,8,PE,Altinho,2600807,city,1,4.35313,0,0,0,0.0,22972,False,False
18,2020-04-26,11,PE,Amaraji,2600906,city,3,13.14118,1,1,0,0.3333,22829,False,False
18,2020-04-26,14,PE,Araçoiaba,2601052,city,3,14.61703,1,0,0,0.0,20524,False,False
18,2020-04-26,19,PE,Arcoverde,2601201,city,12,16.14248,0,3,0,0.25,74338,False,False
18,2020-04-26,41,PE,Belo Jardim,2601706,city,5,6.54116,0,1,0,0.2,76439,False,False
18,2020-04-26,2,PE,Betânia,2601805,city,4,31.44901,2,0,0,0.0,12719,False,False
18,2020-04-26,14,PE,Bezerros,2601904,city,1,1.64479,0,0,0,0.0,60798,False,False
18,2020-04-26,17,PE,Bom Conselho,2602100,city,2,4.11913,0,1,0,0.5,48554,False,False
18,2020-04-26,20,PE,Bom Jardim,2602209,city,7,17.86443,4,2,1,0.2857,39184,False,False
18,2020-04-26,9,PE,Bonito,2602308,city,2,5.24466,0,1,0,0.5,38134,False,False
18,2020-04-26,24,PE,Cabo de Santo Agostinho,2602902,city,54,26.08091,18,11,-1,0.2037,207048,False,False
18,2020-04-26,2,PE,Cabrobó,2603009,city,1,2.92218,0,0,0,0.0,34221,False,False
18,2020-04-26,21,PE,Cachoeirinha,2603108,city,8,39.25417,0,0,0,0.0,20380,False,False
18,2020-04-26,8,PE,Caetés,2603207,city,2,6.95918,2,0,0,0.0,28739,False,False
18,2020-04-26,31,PE,Camaragibe,2603454,city,174,110.2466,38,14,0,0.0805,157828,False,False
18,2020-04-26,4,PE,Camocim de São Félix,2603504,city,3,15.98721,2,0,0,0.0,18765,False,False
18,2020-04-26,18,PE,Capoeiras,2603801,city,1,4.98803,0,0,0,0.0,20048,False,False
18,2020-04-26,13,PE,Carnaíba,2603900,city,1,5.11483,0,1,0,1.0,19551,False,False
18,2020-04-26,1,PE,Carnaubeira da Penha,2603926,city,1,7.73276,1,0,0,0.0,12932,False,False
18,2020-04-26,18,PE,Carpina,2604007,city,7,8.3691,2,0,-1,0.0,83641,False,False
18,2020-04-26,35,PE,Caruaru,2604106,city,22,6.09219,5,3,1,0.1364,361118,False,False
18,2020-04-26,20,PE,Catende,2604205,city,4,9.32575,1,1,0,0.25,42892,False,False
18,2020-04-26,1,PE,Cedro,2604304,city,1,8.46955,1,0,0,0.0,11807,False,False
18,2020-04-26,13,PE,Chã de Alegria,2604403,city,5,36.98772,1,0,0,0.0,13518,False,False
18,2020-04-26,15,PE,Chã Grande,2604502,city,12,55.30464,8,0,0,0.0,21698,False,False
18,2020-04-26,4,PE,Condado,2604601,city,2,7.56974,1,0,0,0.0,26421,False,False
18,2020-04-26,3,PE,Correntes,2604700,city,1,5.49239,0,0,0,0.0,18207,False,False
18,2020-04-26,11,PE,Cupira,2605004,city,1,4.14817,0,0,0,0.0,24107,False,False
18,2020-04-26,8,PE,Custódia,2605103,city,2,5.38924,1,1,0,0.5,37111,False,False
18,2020-04-26,11,PE,Escada,2605202,city,5,7.25953,1,0,0,0.0,68875,False,False
18,2020-04-26,11,PE,Feira Nova,2605400,city,2,9.0371,0,0,0,0.0,22131,False,False
18,2020-04-26,31,PE,Fernando de Noronha,2605459,city,28,914.73375,0,0,0,0.0,3061,False,False
18,2020-04-26,7,PE,Ferreiros,2605509,city,1,8.24878,0,0,0,0.0,12123,False,False
18,2020-04-26,18,PE,Frei Miguelinho,2605806,city,5,32.3478,1,1,1,0.2,15457,False,False
18,2020-04-26,16,PE,Gameleira,2605905,city,1,3.2204,0,1,0,1.0,31052,False,False
18,2020-04-26,18,PE,Garanhuns,2606002,city,9,6.43832,2,2,0,0.2222,139788,False,False
18,2020-04-26,15,PE,Glória do Goitá,2606101,city,9,29.40792,3,3,0,0.3333,30604,False,False
18,2020-04-26,31,PE,Goiana,2606200,city,20,25.07585,7,4,1,0.2,79758,False,False
18,2020-04-26,1,PE,Granito,2606309,city,1,13.35827,1,0,0,0.0,7486,False,False
18,2020-04-26,14,PE,Gravatá,2606408,city,7,8.326,2,0,0,0.0,84074,False,False
18,2020-04-26,3,PE,Ibimirim,2606606,city,1,3.42056,0,0,0,0.0,29235,False,False
18,2020-04-26,20,PE,Igarassu,2606804,city,45,38.45529,13,8,0,0.1778,117019,False,False
18,2020-04-26,1,PE,Iguaracy,2606903,city,1,8.17795,1,0,0,0.0,12228,False,False
18,2020-04-26,13,PE,Ilha de Itamaracá,2607604,city,7,26.65854,2,0,0,0.0,26258,False,False
18,2020-04-26,44,PE,Importados/Indefinidos,,city,14,,-1192,1,0,0.0714,,False,False
18,2020-04-26,6,PE,Inajá,2607000,city,1,4.30163,0,0,0,0.0,23247,False,False
18,2020-04-26,17,PE,Ipojuca,2607208,city,20,20.78916,0,3,0,0.15,96204,False,False
18,2020-04-26,27,PE,Ipubi,2607307,city,8,25.92857,6,0,0,0.0,30854,False,False
18,2020-04-26,6,PE,Itambé,2607653,city,1,2.74371,0,0,0,0.0,36447,False,False
18,2020-04-26,7,PE,Itapetim,2607703,city,1,7.3443,0,1,0,1.0,13616,False,False
18,2020-04-26,15,PE,Itapissuma,2607752,city,4,15.00882,2,0,0,0.0,26651,False,False
18,2020-04-26,2,PE,Itaquitinga,2607802,city,2,11.79593,1,1,0,0.5,16955,False,False
18,2020-04-26,41,PE,Jaboatão dos Guararapes,2607901,city,410,58.37978,110,48,7,0.1171,702298,False,False
18,2020-04-26,6,PE,Jataúba,2608008,city,1,5.8309,0,0,0,0.0,17150,False,False
18,2020-04-26,8,PE,Jatobá,2608057,city,1,6.75858,0,0,0,0.0,14796,False,False
18,2020-04-26,18,PE,João Alfredo,2608107,city,6,17.73993,1,0,0,0.0,33822,False,False
18,2020-04-26,5,PE,Jucati,2608255,city,1,8.7535,0,0,0,0.0,11424,False,False
18,2020-04-26,8,PE,Jupi,2608305,city,1,6.74036,0,0,0,0.0,14836,False,False
18,2020-04-26,3,PE,Jurema,2608404,city,2,13.00559,0,0,0,0.0,15378,False,False
18,2020-04-26,10,PE,Lagoa de Itaenga,2608503,city,2,9.33315,0,1,0,0.5,21429,False,False
18,2020-04-26,21,PE,Lagoa do Carro,2608453,city,2,11.06746,0,1,0,0.5,18071,False,False
18,2020-04-26,1,PE,Lagoa do Ouro,2608602,city,1,7.60746,1,0,0,0.0,13145,False,False
18,2020-04-26,14,PE,Lagoa dos Gatos,2608701,city,2,12.27747,0,1,0,0.5,16290,False,False
18,2020-04-26,1,PE,Lajedo,2608800,city,1,2.48213,1,0,0,0.0,40288,False,False
18,2020-04-26,18,PE,Limoeiro,2608909,city,12,21.33333,1,3,0,0.25,56250,False,False
18,2020-04-26,20,PE,Macaparana,2609006,city,4,15.76293,1,2,0,0.5,25376,False,False
18,2020-04-26,15,PE,Machados,2609105,city,4,24.86325,2,1,0,0.25,16088,False,False
18,2020-04-26,20,PE,Moreno,2609402,city,27,43.00459,14,1,-1,0.037,62784,False,False
18,2020-04-26,5,PE,Nazaré da Mata,2609501,city,4,12.31868,2,0,0,0.0,32471,False,False
18,2020-04-26,36,PE,Olinda,2609600,city,433,110.32353,140,32,2,0.0739,392482,False,False
18,2020-04-26,1,PE,Orobó,2609709,city,1,4.1869,1,0,0,0.0,23884,False,False
18,2020-04-26,5,PE,Orocó,2609808,city,1,6.67067,0,0,0,0.0,14991,False,False
18,2020-04-26,1,PE,Ouricuri,2609907,city,1,1.4397,1,0,0,0.0,69459,False,False
18,2020-04-26,28,PE,Palmares,2610004,city,8,12.64822,2,3,0,0.375,63250,False,False
18,2020-04-26,5,PE,Panelas,2610202,city,1,3.77729,0,1,0,1.0,26474,False,False
18,2020-04-26,19,PE,Passira,2610509,city,3,10.36878,2,0,0,0.0,28933,False,False
18,2020-04-26,21,PE,Paudalho,2610608,city,25,44.24309,11,7,0,0.28,56506,False,False
18,2020-04-26,24,PE,Paulista,2610707,city,311,93.73851,101,20,2,0.0643,331774,False,False
18,2020-04-26,8,PE,Pedra,2610806,city,4,17.68581,3,0,0,0.0,22617,False,False
18,2020-04-26,10,PE,Pesqueira,2610905,city,1,1.48379,0,0,0,0.0,67395,False,False
18,2020-04-26,35,PE,Petrolina,2611101,city,16,4.58262,5,0,0,0.0,349145,False,False
18,2020-04-26,8,PE,Poção,2611200,city,1,8.84799,0,0,0,0.0,11302,False,False
18,2020-04-26,18,PE,Pombos,2611309,city,18,66.44273,10,2,1,0.1111,27091,False,False
18,2020-04-26,16,PE,Quipapá,2611507,city,1,3.84069,0,0,0,0.0,26037,False,False
18,2020-04-26,5,PE,Quixaba,2611533,city,1,14.67782,0,1,0,1.0,6813,False,False
18,2020-04-26,46,PE,Recife,2611606,city,2722,165.39803,946,182,18,0.0669,1645727,False,False
18,2020-04-26,12,PE,Ribeirão,2611804,city,2,4.21807,0,0,0,0.0,47415,False,False
18,2020-04-26,10,PE,Rio Formoso,2611903,city,3,12.74697,2,0,0,0.0,23535,False,False
18,2020-04-26,20,PE,Salgueiro,2612208,city,11,18.0535,3,0,0,0.0,60930,False,False
18,2020-04-26,10,PE,Sanharó,2612406,city,0,,0,0,0,0.0,26462,False,False
18,2020-04-26,16,PE,Santa Cruz do Capibaribe,2612505,city,3,2.7794,0,0,0,0.0,107937,False,False
18,2020-04-26,16,PE,São Bento do Una,2613008,city,3,5.04168,1,0,0,0.0,59504,False,False
18,2020-04-26,17,PE,São Caitano,2613107,city,4,10.7397,0,0,0,0.0,37245,False,False
18,2020-04-26,1,PE,São Joaquim do Monte,2613305,city,1,4.68252,1,0,0,0.0,21356,False,False
18,2020-04-26,15,PE,São José da Coroa Grande,2613404,city,6,28.17166,5,1,0,0.1667,21298,False,False
18,2020-04-26,10,PE,São José do Egito,2613602,city,1,2.94542,0,0,0,0.0,33951,False,False
18,2020-04-26,30,PE,São Lourenço da Mata,2613701,city,118,104.21266,21,23,1,0.1949,113230,False,False
18,2020-04-26,10,PE,São Vicente Ferrer,2613800,city,1,5.55001,0,0,0,0.0,18018,False,False
18,2020-04-26,17,PE,Serra Talhada,2613909,city,7,8.10654,3,0,0,0.0,86350,False,False
18,2020-04-26,16,PE,Sertânia,2614105,city,6,16.70983,5,1,0,0.1667,35907,False,False
18,2020-04-26,8,PE,Sirinhaém,2614204,city,4,8.72125,1,0,0,0.0,45865,False,False
18,2020-04-26,11,PE,Surubim,2614501,city,4,6.14543,2,0,0,0.0,65089,False,False
18,2020-04-26,6,PE,Tabira,2614600,city,1,3.50459,0,1,0,1.0,28534,False,False
18,2020-04-26,4,PE,Tamandaré,2614857,city,3,12.82709,1,0,0,0.0,23388,False,False
18,2020-04-26,1,PE,Terra Nova,2615201,city,1,9.90491,1,1,1,1.0,10096,False,False
18,2020-04-26,20,PE,Timbaúba,2615300,city,11,20.74611,6,2,0,0.1818,53022,False,False
18,2020-04-26,16,PE,Toritama,2615409,city,1,2.21146,0,0,0,0.0,45219,False,False
18,2020-04-26,16,PE,Tracunhaém,2615508,city,2,14.52538,0,0,0,0.0,13769,False,False
18,2020-04-26,3,PE,Trindade,2615607,city,2,6.55287,1,1,0,0.5,30521,False,False
18,2020-04-26,12,PE,Triunfo,2615706,city,2,13.11132,0,0,0,0.0,15254,False,False
18,2020-04-26,8,PE,Tupanatinga,2615805,city,3,10.9874,0,0,0,0.0,27304,False,False
18,2020-04-26,7,PE,Tuparetama,2615904,city,1,12.19215,0,0,0,0.0,8202,False,False
18,2020-04-26,1,PE,Venturosa,2616001,city,2,10.82134,2,0,0,0.0,18482,False,False
18,2020-04-26,10,PE,Vertentes,2616209,city,1,4.82369,0,0,0,0.0,20731,False,False
18,2020-04-26,7,PE,Vicência,2616308,city,4,12.25378,4,0,0,0.0,32643,False,False
18,2020-04-26,20,PE,Vitória de Santo Antão,2616407,city,63,45.40311,24,10,1,0.1587,138757,False,False
18,2020-04-26,4,PE,Xexéu,2616506,city,2,13.58234,1,0,0,0.0,14725,False,False
17,2020-04-25,17,PE,Abreu e Lima,2600054,city,39,39.0039,8,2,1,0.0513,99990,False,False
17,2020-04-25,2,PE,Agrestina,2600302,city,1,4.01849,0,1,0,1.0,24885,False,False
17,2020-04-25,7,PE,Alagoinha,2600609,city,1,6.83247,0,0,0,0.0,14636,False,False
17,2020-04-25,25,PE,Aliança,2600708,city,7,18.23582,2,1,0,0.1429,38386,False,False
17,2020-04-25,7,PE,Altinho,2600807,city,1,4.35313,0,0,0,0.0,22972,False,False
17,2020-04-25,10,PE,Amaraji,2600906,city,2,8.76079,1,1,0,0.5,22829,False,False
17,2020-04-25,13,PE,Araçoiaba,2601052,city,2,9.74469,0,0,0,0.0,20524,False,False
17,2020-04-25,18,PE,Arcoverde,2601201,city,12,16.14248,1,3,0,0.25,74338,False,False
17,2020-04-25,40,PE,Belo Jardim,2601706,city,5,6.54116,0,1,0,0.2,76439,False,False
17,2020-04-25,1,PE,Betânia,2601805,city,2,15.72451,2,0,0,0.0,12719,False,False
17,2020-04-25,13,PE,Bezerros,2601904,city,1,1.64479,0,0,0,0.0,60798,False,False
17,2020-04-25,16,PE,Bom Conselho,2602100,city,2,4.11913,0,1,0,0.5,48554,False,False
17,2020-04-25,19,PE,Bom Jardim,2602209,city,3,7.65619,0,1,0,0.3333,39184,False,False
17,2020-04-25,8,PE,Bonito,2602308,city,2,5.24466,0,1,0,0.5,38134,False,False
17,2020-04-25,23,PE,Cabo de Santo Agostinho,2602902,city,36,17.38727,3,12,0,0.3333,207048,False,False
17,2020-04-25,1,PE,Cabrobó,2603009,city,1,2.92218,1,0,0,0.0,34221,False,False
17,2020-04-25,20,PE,Cachoeirinha,2603108,city,8,39.25417,0,0,0,0.0,20380,False,False
17,2020-04-25,7,PE,Caetés,2603207,city,0,,0,0,0,0.0,28739,False,False
17,2020-04-25,30,PE,Camaragibe,2603454,city,136,86.16975,18,14,0,0.1029,157828,False,False
17,2020-04-25,3,PE,Camocim de São Félix,2603504,city,1,5.32907,0,0,0,0.0,18765,False,False
17,2020-04-25,17,PE,Capoeiras,2603801,city,1,4.98803,0,0,0,0.0,20048,False,False
17,2020-04-25,12,PE,Carnaíba,2603900,city,1,5.11483,0,1,0,1.0,19551,False,False
17,2020-04-25,17,PE,Carpina,2604007,city,5,5.97793,1,1,1,0.2,83641,False,False
17,2020-04-25,34,PE,Caruaru,2604106,city,17,4.7076,0,2,-1,0.1176,361118,False,False
17,2020-04-25,19,PE,Catende,2604205,city,3,6.99431,0,1,0,0.3333,42892,False,False
17,2020-04-25,12,PE,Chã de Alegria,2604403,city,4,29.59018,0,0,0,0.0,13518,False,False
17,2020-04-25,14,PE,Chã Grande,2604502,city,4,18.43488,0,0,0,0.0,21698,False,False
17,2020-04-25,3,PE,Condado,2604601,city,1,3.78487,0,0,0,0.0,26421,False,False
17,2020-04-25,2,PE,Correntes,2604700,city,1,5.49239,0,0,0,0.0,18207,False,False
17,2020-04-25,10,PE,Cupira,2605004,city,1,4.14817,0,0,0,0.0,24107,False,False
17,2020-04-25,7,PE,Custódia,2605103,city,1,2.69462,0,1,0,1.0,37111,False,False
17,2020-04-25,10,PE,Escada,2605202,city,4,5.80762,1,0,0,0.0,68875,False,False
17,2020-04-25,10,PE,Feira Nova,2605400,city,2,9.0371,0,0,0,0.0,22131,False,False
17,2020-04-25,30,PE,Fernando de Noronha,2605459,city,28,914.73375,0,0,0,0.0,3061,False,False
17,2020-04-25,6,PE,Ferreiros,2605509,city,1,8.24878,0,0,0,0.0,12123,False,False
17,2020-04-25,17,PE,Frei Miguelinho,2605806,city,4,25.87824,1,0,0,0.0,15457,False,False
17,2020-04-25,15,PE,Gameleira,2605905,city,1,3.2204,0,1,0,1.0,31052,False,False
17,2020-04-25,17,PE,Garanhuns,2606002,city,7,5.00758,0,2,0,0.2857,139788,False,False
17,2020-04-25,14,PE,Glória do Goitá,2606101,city,6,19.60528,0,3,0,0.5,30604,False,False
17,2020-04-25,30,PE,Goiana,2606200,city,13,16.29931,3,3,0,0.2308,79758,False,False
17,2020-04-25,13,PE,Gravatá,2606408,city,5,5.94714,1,0,0,0.0,84074,False,False
17,2020-04-25,2,PE,Ibimirim,2606606,city,1,3.42056,0,0,0,0.0,29235,False,False
17,2020-04-25,19,PE,Igarassu,2606804,city,32,27.34599,3,8,1,0.25,117019,False,False
17,2020-04-25,12,PE,Ilha de Itamaracá,2607604,city,5,19.04182,0,0,0,0.0,26258,False,False
17,2020-04-25,43,PE,Importados/Indefinidos,,city,1206,,235,1,0,0.0008,,False,False
17,2020-04-25,5,PE,Inajá,2607000,city,1,4.30163,0,0,0,0.0,23247,False,False
17,2020-04-25,16,PE,Ipojuca,2607208,city,20,20.78916,6,3,0,0.15,96204,False,False
17,2020-04-25,26,PE,Ipubi,2607307,city,2,6.48214,0,0,0,0.0,30854,False,False
17,2020-04-25,5,PE,Itambé,2607653,city,1,2.74371,0,0,0,0.0,36447,False,False
17,2020-04-25,6,PE,Itapetim,2607703,city,1,7.3443,0,1,0,1.0,13616,False,False
17,2020-04-25,14,PE,Itapissuma,2607752,city,2,7.50441,0,0,0,0.0,26651,False,False
17,2020-04-25,1,PE,Itaquitinga,2607802,city,1,5.89797,1,1,1,1.0,16955,False,False
17,2020-04-25,40,PE,Jaboatão dos Guararapes,2607901,city,300,42.71691,39,41,6,0.1367,702298,False,False
17,2020-04-25,5,PE,Jataúba,2608008,city,1,5.8309,0,0,0,0.0,17150,False,False
17,2020-04-25,7,PE,Jatobá,2608057,city,1,6.75858,0,0,0,0.0,14796,False,False
17,2020-04-25,17,PE,João Alfredo,2608107,city,5,14.78328,0,0,0,0.0,33822,False,False
17,2020-04-25,4,PE,Jucati,2608255,city,1,8.7535,0,0,0,0.0,11424,False,False
17,2020-04-25,7,PE,Jupi,2608305,city,1,6.74036,0,0,0,0.0,14836,False,False
17,2020-04-25,2,PE,Jurema,2608404,city,2,13.00559,1,0,0,0.0,15378,False,False
17,2020-04-25,9,PE,Lagoa de Itaenga,2608503,city,2,9.33315,1,1,1,0.5,21429,False,False
17,2020-04-25,20,PE,Lagoa do Carro,2608453,city,2,11.06746,0,1,0,0.5,18071,False,False
17,2020-04-25,13,PE,Lagoa dos Gatos,2608701,city,2,12.27747,1,1,0,0.5,16290,False,False
17,2020-04-25,17,PE,Limoeiro,2608909,city,11,19.55556,1,3,0,0.2727,56250,False,False
17,2020-04-25,19,PE,Macaparana,2609006,city,3,11.82219,0,2,0,0.6667,25376,False,False
17,2020-04-25,14,PE,Machados,2609105,city,2,12.43163,0,1,0,0.5,16088,False,False
17,2020-04-25,19,PE,Moreno,2609402,city,13,20.70591,2,2,0,0.1538,62784,False,False
17,2020-04-25,4,PE,Nazaré da Mata,2609501,city,2,6.15934,0,0,0,0.0,32471,False,False
17,2020-04-25,35,PE,Olinda,2609600,city,293,74.65311,12,30,2,0.1024,392482,False,False
17,2020-04-25,4,PE,Orocó,2609808,city,1,6.67067,0,0,0,0.0,14991,False,False
17,2020-04-25,27,PE,Palmares,2610004,city,6,9.48617,2,3,0,0.5,63250,False,False
17,2020-04-25,4,PE,Panelas,2610202,city,1,3.77729,0,1,0,1.0,26474,False,False
17,2020-04-25,18,PE,Passira,2610509,city,1,3.45626,0,0,0,0.0,28933,False,False
17,2020-04-25,20,PE,Paudalho,2610608,city,14,24.77613,0,7,0,0.5,56506,False,False
17,2020-04-25,23,PE,Paulista,2610707,city,210,63.2961,17,18,4,0.0857,331774,False,False
17,2020-04-25,7,PE,Pedra,2610806,city,1,4.42145,0,0,0,0.0,22617,False,False
17,2020-04-25,9,PE,Pesqueira,2610905,city,1,1.48379,0,0,0,0.0,67395,False,False
17,2020-04-25,34,PE,Petrolina,2611101,city,11,3.15055,0,0,0,0.0,349145,False,False
17,2020-04-25,7,PE,Poção,2611200,city,1,8.84799,0,0,0,0.0,11302,False,False
17,2020-04-25,17,PE,Pombos,2611309,city,8,29.5301,1,1,0,0.125,27091,False,False
17,2020-04-25,15,PE,Quipapá,2611507,city,1,3.84069,0,0,0,0.0,26037,False,False
17,2020-04-25,4,PE,Quixaba,2611533,city,1,14.67782,0,1,0,1.0,6813,False,False
17,2020-04-25,45,PE,Recife,2611606,city,1776,107.91583,129,164,12,0.0923,1645727,False,False
17,2020-04-25,11,PE,Ribeirão,2611804,city,2,4.21807,0,0,0,0.0,47415,False,False
17,2020-04-25,9,PE,Rio Formoso,2611903,city,1,4.24899,0,0,0,0.0,23535,False,False
17,2020-04-25,19,PE,Salgueiro,2612208,city,8,13.12982,0,0,0,0.0,60930,False,False
17,2020-04-25,9,PE,Sanharó,2612406,city,0,,0,0,0,0.0,26462,False,True
17,2020-04-25,15,PE,Santa Cruz do Capibaribe,2612505,city,3,2.7794,0,0,0,0.0,107937,False,False
17,2020-04-25,15,PE,São Bento do Una,2613008,city,2,3.36112,1,0,0,0.0,59504,False,False
17,2020-04-25,16,PE,São Caitano,2613107,city,4,10.7397,0,0,0,0.0,37245,False,False
17,2020-04-25,14,PE,São José da Coroa Grande,2613404,city,1,4.69528,0,1,0,1.0,21298,False,False
17,2020-04-25,9,PE,São José do Egito,2613602,city,1,2.94542,0,0,0,0.0,33951,False,False
17,2020-04-25,29,PE,São Lourenço da Mata,2613701,city,97,85.66634,8,22,2,0.2268,113230,False,False
17,2020-04-25,9,PE,São Vicente Ferrer,2613800,city,1,5.55001,0,0,0,0.0,18018,False,False
17,2020-04-25,16,PE,Serra Talhada,2613909,city,4,4.63231,0,0,0,0.0,86350,False,False
17,2020-04-25,15,PE,Sertânia,2614105,city,1,2.78497,0,1,0,1.0,35907,False,False
17,2020-04-25,7,PE,Sirinhaém,2614204,city,3,6.54094,0,0,0,0.0,45865,False,False
17,2020-04-25,10,PE,Surubim,2614501,city,2,3.07272,1,0,0,0.0,65089,False,False
17,2020-04-25,5,PE,Tabira,2614600,city,1,3.50459,0,1,0,1.0,28534,False,False
17,2020-04-25,3,PE,Tamandaré,2614857,city,2,8.55139,0,0,0,0.0,23388,False,False
17,2020-04-25,19,PE,Timbaúba,2615300,city,5,9.43005,0,2,0,0.4,53022,False,False
17,2020-04-25,15,PE,Toritama,2615409,city,1,2.21146,0,0,0,0.0,45219,False,False
17,2020-04-25,15,PE,Tracunhaém,2615508,city,2,14.52538,0,0,0,0.0,13769,False,False
17,2020-04-25,2,PE,Trindade,2615607,city,1,3.27643,0,1,1,1.0,30521,False,False
17,2020-04-25,11,PE,Triunfo,2615706,city,2,13.11132,0,0,0,0.0,15254,False,False
17,2020-04-25,7,PE,Tupanatinga,2615805,city,3,10.9874,0,0,0,0.0,27304,False,False
17,2020-04-25,6,PE,Tuparetama,2615904,city,1,12.19215,0,0,0,0.0,8202,False,False
17,2020-04-25,9,PE,Vertentes,2616209,city,1,4.82369,0,0,0,0.0,20731,False,False
17,2020-04-25,6,PE,Vicência,2616308,city,0,,0,0,0,0.0,32643,False,False
17,2020-04-25,19,PE,Vitória de Santo Antão,2616407,city,39,28.10669,4,9,2,0.2308,138757,False,False
17,2020-04-25,3,PE,Xexéu,2616506,city,1,6.79117,0,0,0,0.0,14725,False,False
17,2020-04-24,16,PE,Abreu e Lima,2600054,city,31,31.0031,-5,1,0,0.0323,99990,False,False
17,2020-04-24,1,PE,Agrestina,2600302,city,1,4.01849,1,1,1,1.0,24885,False,False
17,2020-04-24,6,PE,Alagoinha,2600609,city,1,6.83247,0,0,0,0.0,14636,False,False
17,2020-04-24,24,PE,Aliança,2600708,city,5,13.02558,0,1,0,0.2,38386,False,False
17,2020-04-24,6,PE,Altinho,2600807,city,1,4.35313,0,0,0,0.0,22972,False,False
17,2020-04-24,9,PE,Amaraji,2600906,city,1,4.38039,-1,1,0,1.0,22829,False,False
17,2020-04-24,12,PE,Araçoiaba,2601052,city,2,9.74469,-1,0,0,0.0,20524,False,False
17,2020-04-24,17,PE,Arcoverde,2601201,city,11,14.79728,-1,3,0,0.2727,74338,False,False
17,2020-04-24,39,PE,Belo Jardim,2601706,city,5,6.54116,1,1,1,0.2,76439,False,False
17,2020-04-24,12,PE,Bezerros,2601904,city,1,1.64479,0,0,0,0.0,60798,False,False
17,2020-04-24,15,PE,Bom Conselho,2602100,city,2,4.11913,0,1,0,0.5,48554,False,False
17,2020-04-24,18,PE,Bom Jardim,2602209,city,3,7.65619,-2,1,0,0.3333,39184,False,False
17,2020-04-24,7,PE,Bonito,2602308,city,2,5.24466,0,1,0,0.5,38134,False,False
17,2020-04-24,22,PE,Cabo de Santo Agostinho,2602902,city,33,15.93833,-10,12,0,0.3636,207048,False,False
17,2020-04-24,19,PE,Cachoeirinha,2603108,city,8,39.25417,0,0,0,0.0,20380,False,False
17,2020-04-24,6,PE,Caetés,2603207,city,0,,-1,0,0,0.0,28739,False,False
17,2020-04-24,29,PE,Camaragibe,2603454,city,118,74.76493,-6,14,0,0.1186,157828,False,False
17,2020-04-24,2,PE,Camocim de São Félix,2603504,city,1,5.32907,0,0,0,0.0,18765,False,False
17,2020-04-24,16,PE,Capoeiras,2603801,city,1,4.98803,0,0,0,0.0,20048,False,False
17,2020-04-24,11,PE,Carnaíba,2603900,city,1,5.11483,0,1,0,1.0,19551,False,False
17,2020-04-24,16,PE,Carpina,2604007,city,4,4.78234,-1,0,0,0.0,83641,False,False
17,2020-04-24,33,PE,Caruaru,2604106,city,17,4.7076,1,3,1,0.1765,361118,False,False
17,2020-04-24,18,PE,Catende,2604205,city,3,6.99431,1,1,0,0.3333,42892,False,False
17,2020-04-24,11,PE,Chã de Alegria,2604403,city,4,29.59018,0,0,0,0.0,13518,False,False
17,2020-04-24,13,PE,Chã Grande,2604502,city,4,18.43488,-5,0,0,0.0,21698,False,False
17,2020-04-24,2,PE,Condado,2604601,city,1,3.78487,0,0,0,0.0,26421,False,False
17,2020-04-24,1,PE,Correntes,2604700,city,1,5.49239,1,0,0,0.0,18207,False,False
17,2020-04-24,9,PE,Cupira,2605004,city,1,4.14817,0,0,0,0.0,24107,False,False
17,2020-04-24,6,PE,Custódia,2605103,city,1,2.69462,0,1,0,1.0,37111,False,False
17,2020-04-24,9,PE,Escada,2605202,city,3,4.35572,-1,0,0,0.0,68875,False,False
17,2020-04-24,9,PE,Feira Nova,2605400,city,2,9.0371,0,0,0,0.0,22131,False,False
17,2020-04-24,29,PE,Fernando de Noronha,2605459,city,28,914.73375,0,0,0,0.0,3061,False,False
17,2020-04-24,5,PE,Ferreiros,2605509,city,1,8.24878,0,0,0,0.0,12123,False,False
17,2020-04-24,16,PE,Frei Miguelinho,2605806,city,3,19.40868,1,0,0,0.0,15457,False,False
17,2020-04-24,14,PE,Gameleira,2605905,city,1,3.2204,0,1,0,1.0,31052,False,False
17,2020-04-24,16,PE,Garanhuns,2606002,city,7,5.00758,-2,2,0,0.2857,139788,False,False
17,2020-04-24,13,PE,Glória do Goitá,2606101,city,6,19.60528,0,3,1,0.5,30604,False,False
17,2020-04-24,29,PE,Goiana,2606200,city,10,12.53793,2,3,0,0.3,79758,False,False
17,2020-04-24,12,PE,Gravatá,2606408,city,4,4.75771,2,0,0,0.0,84074,False,False
17,2020-04-24,1,PE,Ibimirim,2606606,city,1,3.42056,1,0,0,0.0,29235,False,False
17,2020-04-24,18,PE,Igarassu,2606804,city,29,24.7823,-2,7,2,0.2414,117019,False,False
17,2020-04-24,11,PE,Ilha de Itamaracá,2607604,city,5,19.04182,-1,0,0,0.0,26258,False,False
17,2020-04-24,42,PE,Importados/Indefinidos,,city,971,,959,1,0,0.001,,False,False
17,2020-04-24,4,PE,Inajá,2607000,city,1,4.30163,0,0,0,0.0,23247,False,False
17,2020-04-24,15,PE,Ipojuca,2607208,city,14,14.55241,0,3,0,0.2143,96204,False,False
17,2020-04-24,25,PE,Ipubi,2607307,city,2,6.48214,-6,0,0,0.0,30854,False,False
17,2020-04-24,4,PE,Itambé,2607653,city,1,2.74371,-1,0,0,0.0,36447,False,False
17,2020-04-24,5,PE,Itapetim,2607703,city,1,7.3443,0,1,0,1.0,13616,False,False
17,2020-04-24,13,PE,Itapissuma,2607752,city,2,7.50441,-1,0,0,0.0,26651,False,False
17,2020-04-24,39,PE,Jaboatão dos Guararapes,2607901,city,261,37.16371,-21,35,8,0.1341,702298,False,False
17,2020-04-24,4,PE,Jataúba,2608008,city,1,5.8309,0,0,0,0.0,17150,False,False
17,2020-04-24,6,PE,Jatobá,2608057,city,1,6.75858,0,0,0,0.0,14796,False,False
17,2020-04-24,16,PE,João Alfredo,2608107,city,5,14.78328,0,0,0,0.0,33822,False,False
17,2020-04-24,3,PE,Jucati,2608255,city,1,8.7535,0,0,0,0.0,11424,False,False
17,2020-04-24,6,PE,Jupi,2608305,city,1,6.74036,0,0,0,0.0,14836,False,False
17,2020-04-24,1,PE,Jurema,2608404,city,1,6.5028,1,0,0,0.0,15378,False,False
17,2020-04-24,8,PE,Lagoa de Itaenga,2608503,city,1,4.66657,0,0,0,0.0,21429,False,False
17,2020-04-24,19,PE,Lagoa do Carro,2608453,city,2,11.06746,0,1,0,0.5,18071,False,False
17,2020-04-24,12,PE,Lagoa dos Gatos,2608701,city,1,6.13874,0,1,0,1.0,16290,False,False
17,2020-04-24,16,PE,Limoeiro,2608909,city,10,17.77778,0,3,0,0.3,56250,False,False
17,2020-04-24,18,PE,Macaparana,2609006,city,3,11.82219,-1,2,0,0.6667,25376,False,False
17,2020-04-24,13,PE,Machados,2609105,city,2,12.43163,0,1,0,0.5,16088,False,False
17,2020-04-24,18,PE,Moreno,2609402,city,11,17.52039,-8,2,0,0.1818,62784,False,False
17,2020-04-24,3,PE,Nazaré da Mata,2609501,city,2,6.15934,0,0,0,0.0,32471,False,False
17,2020-04-24,34,PE,Olinda,2609600,city,281,71.59564,-43,28,3,0.0996,392482,False,False
17,2020-04-24,3,PE,Orocó,2609808,city,1,6.67067,0,0,0,0.0,14991,False,False
17,2020-04-24,26,PE,Palmares,2610004,city,4,6.32411,-1,3,0,0.75,63250,False,False
17,2020-04-24,3,PE,Panelas,2610202,city,1,3.77729,0,1,1,1.0,26474,False,False
17,2020-04-24,17,PE,Passira,2610509,city,1,3.45626,-2,0,0,0.0,28933,False,False
17,2020-04-24,19,PE,Paudalho,2610608,city,14,24.77613,-4,7,0,0.5,56506,False,False
17,2020-04-24,22,PE,Paulista,2610707,city,193,58.17213,-15,14,3,0.0725,331774,False,False
17,2020-04-24,6,PE,Pedra,2610806,city,1,4.42145,-3,0,0,0.0,22617,False,False
17,2020-04-24,8,PE,Pesqueira,2610905,city,1,1.48379,0,0,0,0.0,67395,False,False
17,2020-04-24,33,PE,Petrolina,2611101,city,11,3.15055,-3,0,0,0.0,349145,False,False
17,2020-04-24,6,PE,Poção,2611200,city,1,8.84799,0,0,0,0.0,11302,False,False
17,2020-04-24,16,PE,Pombos,2611309,city,7,25.83884,-1,1,0,0.1429,27091,False,False
17,2020-04-24,14,PE,Quipapá,2611507,city,1,3.84069,0,0,0,0.0,26037,False,False
17,2020-04-24,3,PE,Quixaba,2611533,city,1,14.67782,0,1,1,1.0,6813,False,False
17,2020-04-24,44,PE,Recife,2611606,city,1647,100.07735,-415,152,14,0.0923,1645727,False,False
17,2020-04-24,10,PE,Ribeirão,2611804,city,2,4.21807,0,0,0,0.0,47415,False,False
17,2020-04-24,8,PE,Rio Formoso,2611903,city,1,4.24899,-2,0,0,0.0,23535,False,False
17,2020-04-24,18,PE,Salgueiro,2612208,city,8,13.12982,0,0,0,0.0,60930,False,False
17,2020-04-24,8,PE,Sanharó,2612406,city,0,,0,0,0,0.0,26462,False,True
17,2020-04-24,14,PE,Santa Cruz do Capibaribe,2612505,city,3,2.7794,1,0,0,0.0,107937,False,False
17,2020-04-24,14,PE,São Bento do Una,2613008,city,1,1.68056,0,0,0,0.0,59504,False,False
17,2020-04-24,15,PE,São Caitano,2613107,city,4,10.7397,0,0,0,0.0,37245,False,False
17,2020-04-24,13,PE,São José da Coroa Grande,2613404,city,1,4.69528,-3,1,0,1.0,21298,False,False
17,2020-04-24,8,PE,São José do Egito,2613602,city,1,2.94542,0,0,0,0.0,33951,False,False
17,2020-04-24,28,PE,São Lourenço da Mata,2613701,city,89,78.60108,-5,20,0,0.2247,113230,False,False
17,2020-04-24,8,PE,São Vicente Ferrer,2613800,city,1,5.55001,0,0,0,0.0,18018,False,False
17,2020-04-24,15,PE,Serra Talhada,2613909,city,4,4.63231,-2,0,0,0.0,86350,False,False
17,2020-04-24,14,PE,Sertânia,2614105,city,1,2.78497,0,1,0,1.0,35907,False,False
17,2020-04-24,6,PE,Sirinhaém,2614204,city,3,6.54094,0,0,0,0.0,45865,False,False
17,2020-04-24,9,PE,Surubim,2614501,city,1,1.53636,-2,0,0,0.0,65089,False,False
17,2020-04-24,4,PE,Tabira,2614600,city,1,3.50459,0,1,0,1.0,28534,False,False
17,2020-04-24,2,PE,Tamandaré,2614857,city,2,8.55139,1,0,0,0.0,23388,False,False
17,2020-04-24,18,PE,Timbaúba,2615300,city,5,9.43005,0,2,0,0.4,53022,False,False
17,2020-04-24,14,PE,Toritama,2615409,city,1,2.21146,0,0,0,0.0,45219,False,False
17,2020-04-24,14,PE,Tracunhaém,2615508,city,2,14.52538,0,0,0,0.0,13769,False,False
17,2020-04-24,1,PE,Trindade,2615607,city,1,3.27643,1,0,0,0.0,30521,False,False
17,2020-04-24,10,PE,Triunfo,2615706,city,2,13.11132,0,0,0,0.0,15254,False,False
17,2020-04-24,6,PE,Tupanatinga,2615805,city,3,10.9874,0,0,0,0.0,27304,False,False
17,2020-04-24,5,PE,Tuparetama,2615904,city,1,12.19215,0,0,0,0.0,8202,False,False
17,2020-04-24,8,PE,Vertentes,2616209,city,1,4.82369,0,0,0,0.0,20731,False,False
17,2020-04-24,5,PE,Vicência,2616308,city,0,,-1,0,0,0.0,32643,False,False
17,2020-04-24,18,PE,Vitória de Santo Antão,2616407,city,35,25.22395,-1,7,0,0.2,138757,False,False
17,2020-04-24,2,PE,Xexéu,2616506,city,1,6.79117,0,0,0,0.0,14725,False,False
17,2020-04-23,15,PE,Abreu e Lima,2600054,city,36,36.0036,5,1,0,0.0278,99990,False,False
17,2020-04-23,5,PE,Alagoinha,2600609,city,1,6.83247,0,0,0,0.0,14636,False,False
17,2020-04-23,23,PE,Aliança,2600708,city,5,13.02558,0,1,0,0.2,38386,False,False
17,2020-04-23,5,PE,Altinho,2600807,city,1,4.35313,0,0,0,0.0,22972,False,False
17,2020-04-23,8,PE,Amaraji,2600906,city,2,8.76079,0,1,0,0.5,22829,False,False
17,2020-04-23,11,PE,Araçoiaba,2601052,city,3,14.61703,0,0,0,0.0,20524,False,False
17,2020-04-23,16,PE,Arcoverde,2601201,city,12,16.14248,0,3,1,0.25,74338,False,False
17,2020-04-23,38,PE,Belo Jardim,2601706,city,4,5.23293,-1,0,0,0.0,76439,False,False
17,2020-04-23,11,PE,Bezerros,2601904,city,1,1.64479,0,0,0,0.0,60798,False,False
17,2020-04-23,14,PE,Bom Conselho,2602100,city,2,4.11913,0,1,0,0.5,48554,False,False
17,2020-04-23,17,PE,Bom Jardim,2602209,city,5,12.76031,0,1,0,0.2,39184,False,False
17,2020-04-23,6,PE,Bonito,2602308,city,2,5.24466,0,1,0,0.5,38134,False,False
17,2020-04-23,21,PE,Cabo de Santo Agostinho,2602902,city,43,20.76813,3,12,0,0.2791,207048,False,False
17,2020-04-23,18,PE,Cachoeirinha,2603108,city,8,39.25417,0,0,0,0.0,20380,False,False
17,2020-04-23,5,PE,Caetés,2603207,city,1,3.47959,0,0,0,0.0,28739,False,False
17,2020-04-23,28,PE,Camaragibe,2603454,city,124,78.56654,7,14,3,0.1129,157828,False,False
17,2020-04-23,1,PE,Camocim de São Félix,2603504,city,1,5.32907,1,0,0,0.0,18765,False,False
17,2020-04-23,15,PE,Capoeiras,2603801,city,1,4.98803,0,0,0,0.0,20048,False,False
17,2020-04-23,10,PE,Carnaíba,2603900,city,1,5.11483,0,1,0,1.0,19551,False,False
17,2020-04-23,15,PE,Carpina,2604007,city,5,5.97793,1,0,0,0.0,83641,False,False
17,2020-04-23,32,PE,Caruaru,2604106,city,16,4.43068,1,2,0,0.125,361118,False,False
17,2020-04-23,17,PE,Catende,2604205,city,2,4.66287,0,1,0,0.5,42892,False,False
17,2020-04-23,10,PE,Chã de Alegria,2604403,city,4,29.59018,1,0,0,0.0,13518,False,False
17,2020-04-23,12,PE,Chã Grande,2604502,city,9,41.47848,6,0,0,0.0,21698,False,False
17,2020-04-23,1,PE,Condado,2604601,city,1,3.78487,1,0,0,0.0,26421,False,False
17,2020-04-23,8,PE,Cupira,2605004,city,1,4.14817,0,0,0,0.0,24107,False,False
17,2020-04-23,5,PE,Custódia,2605103,city,1,2.69462,0,1,1,1.0,37111,False,False
17,2020-04-23,8,PE,Escada,2605202,city,4,5.80762,0,0,0,0.0,68875,False,False
17,2020-04-23,8,PE,Feira Nova,2605400,city,2,9.0371,0,0,0,0.0,22131,False,False
17,2020-04-23,28,PE,Fernando de Noronha,2605459,city,28,914.73375,0,0,0,0.0,3061,False,False
17,2020-04-23,4,PE,Ferreiros,2605509,city,1,8.24878,0,0,0,0.0,12123,False,False
17,2020-04-23,15,PE,Frei Miguelinho,2605806,city,2,12.93912,0,0,0,0.0,15457,False,False
17,2020-04-23,13,PE,Gameleira,2605905,city,1,3.2204,0,1,0,1.0,31052,False,False
17,2020-04-23,15,PE,Garanhuns,2606002,city,9,6.43832,0,2,0,0.2222,139788,False,False
17,2020-04-23,12,PE,Glória do Goitá,2606101,city,6,19.60528,2,2,1,0.3333,30604,False,False
17,2020-04-23,28,PE,Goiana,2606200,city,8,10.03034,0,3,0,0.375,79758,False,False
17,2020-04-23,11,PE,Gravatá,2606408,city,2,2.37886,0,0,0,0.0,84074,False,False
17,2020-04-23,17,PE,Igarassu,2606804,city,31,26.49142,4,5,0,0.1613,117019,False,False
17,2020-04-23,10,PE,Ilha de Itamaracá,2607604,city,6,22.85018,1,0,0,0.0,26258,False,False
17,2020-04-23,41,PE,Importados/Indefinidos,,city,12,,0,1,0,0.0833,,False,False
17,2020-04-23,3,PE,Inajá,2607000,city,1,4.30163,0,0,0,0.0,23247,False,False
17,2020-04-23,14,PE,Ipojuca,2607208,city,14,14.55241,1,3,1,0.2143,96204,False,False
17,2020-04-23,24,PE,Ipubi,2607307,city,8,25.92857,0,0,0,0.0,30854,False,False
17,2020-04-23,3,PE,Itambé,2607653,city,2,5.48742,1,0,0,0.0,36447,False,False
17,2020-04-23,4,PE,Itapetim,2607703,city,1,7.3443,0,1,1,1.0,13616,False,False
17,2020-04-23,12,PE,Itapissuma,2607752,city,3,11.25661,0,0,0,0.0,26651,False,False
17,2020-04-23,38,PE,Jaboatão dos Guararapes,2607901,city,282,40.15389,29,27,4,0.0957,702298,False,False
17,2020-04-23,3,PE,Jataúba,2608008,city,1,5.8309,0,0,0,0.0,17150,False,False
17,2020-04-23,5,PE,Jatobá,2608057,city,1,6.75858,0,0,0,0.0,14796,False,False
17,2020-04-23,15,PE,João Alfredo,2608107,city,5,14.78328,0,0,0,0.0,33822,False,False
17,2020-04-23,2,PE,Jucati,2608255,city,1,8.7535,0,0,0,0.0,11424,False,False
17,2020-04-23,5,PE,Jupi,2608305,city,1,6.74036,0,0,0,0.0,14836,False,False
17,2020-04-23,7,PE,Lagoa de Itaenga,2608503,city,1,4.66657,0,0,0,0.0,21429,False,False
17,2020-04-23,18,PE,Lagoa do Carro,2608453,city,2,11.06746,0,1,0,0.5,18071,False,False
17,2020-04-23,11,PE,Lagoa dos Gatos,2608701,city,1,6.13874,0,1,0,1.0,16290,False,False
17,2020-04-23,15,PE,Limoeiro,2608909,city,10,17.77778,1,3,0,0.3,56250,False,False
17,2020-04-23,17,PE,Macaparana,2609006,city,4,15.76293,1,2,0,0.5,25376,False,False
17,2020-04-23,12,PE,Machados,2609105,city,2,12.43163,0,1,0,0.5,16088,False,False
17,2020-04-23,17,PE,Moreno,2609402,city,19,30.26249,5,2,0,0.1053,62784,False,False
17,2020-04-23,2,PE,Nazaré da Mata,2609501,city,2,6.15934,0,0,0,0.0,32471,False,False
17,2020-04-23,33,PE,Olinda,2609600,city,324,82.55156,31,25,0,0.0772,392482,False,False
17,2020-04-23,2,PE,Orocó,2609808,city,1,6.67067,0,0,0,0.0,14991,False,False
17,2020-04-23,25,PE,Palmares,2610004,city,5,7.90514,0,3,0,0.6,63250,False,False
17,2020-04-23,2,PE,Panelas,2610202,city,1,3.77729,0,0,0,0.0,26474,False,False
17,2020-04-23,16,PE,Passira,2610509,city,3,10.36878,0,0,0,0.0,28933,False,False
17,2020-04-23,18,PE,Paudalho,2610608,city,18,31.85502,0,7,1,0.3889,56506,False,False
17,2020-04-23,21,PE,Paulista,2610707,city,208,62.69328,24,11,0,0.0529,331774,False,False
17,2020-04-23,5,PE,Pedra,2610806,city,4,17.68581,0,0,0,0.0,22617,False,False
17,2020-04-23,7,PE,Pesqueira,2610905,city,1,1.48379,0,0,0,0.0,67395,False,False
17,2020-04-23,32,PE,Petrolina,2611101,city,14,4.0098,2,0,0,0.0,349145,False,False
17,2020-04-23,5,PE,Poção,2611200,city,1,8.84799,0,0,0,0.0,11302,False,False
17,2020-04-23,15,PE,Pombos,2611309,city,8,29.5301,0,1,0,0.125,27091,False,False
17,2020-04-23,13,PE,Quipapá,2611507,city,1,3.84069,0,0,0,0.0,26037,False,False
17,2020-04-23,2,PE,Quixaba,2611533,city,1,14.67782,0,0,0,0.0,6813,False,True
17,2020-04-23,43,PE,Recife,2611606,city,2062,125.29417,158,138,14,0.0669,1645727,False,False
17,2020-04-23,9,PE,Ribeirão,2611804,city,2,4.21807,0,0,0,0.0,47415,False,False
17,2020-04-23,7,PE,Rio Formoso,2611903,city,3,12.74697,0,0,0,0.0,23535,False,False
17,2020-04-23,17,PE,Salgueiro,2612208,city,8,13.12982,0,0,0,0.0,60930,False,False
17,2020-04-23,7,PE,Sanharó,2612406,city,0,,0,0,0,0.0,26462,False,True
17,2020-04-23,13,PE,Santa Cruz do Capibaribe,2612505,city,2,1.85293,0,0,0,0.0,107937,False,False
17,2020-04-23,13,PE,São Bento do Una,2613008,city,1,1.68056,0,0,0,0.0,59504,False,False
17,2020-04-23,14,PE,São Caitano,2613107,city,4,10.7397,0,0,0,0.0,37245,False,False
17,2020-04-23,12,PE,São José da Coroa Grande,2613404,city,4,18.78111,3,1,0,0.25,21298,False,False
17,2020-04-23,7,PE,São José do Egito,2613602,city,1,2.94542,0,0,0,0.0,33951,False,False
17,2020-04-23,27,PE,São Lourenço da Mata,2613701,city,94,83.01687,7,20,2,0.2128,113230,False,False
17,2020-04-23,7,PE,São Vicente Ferrer,2613800,city,1,5.55001,0,0,0,0.0,18018,False,False
17,2020-04-23,14,PE,Serra Talhada,2613909,city,6,6.94847,0,0,0,0.0,86350,False,False
17,2020-04-23,13,PE,Sertânia,2614105,city,1,2.78497,0,1,0,1.0,35907,False,False
17,2020-04-23,5,PE,Sirinhaém,2614204,city,3,6.54094,0,0,0,0.0,45865,False,False
17,2020-04-23,8,PE,Surubim,2614501,city,3,4.60907,1,0,0,0.0,65089,False,False
17,2020-04-23,3,PE,Tabira,2614600,city,1,3.50459,0,1,0,1.0,28534,False,False
17,2020-04-23,1,PE,Tamandaré,2614857,city,1,4.2757,1,0,0,0.0,23388,False,False
17,2020-04-23,17,PE,Timbaúba,2615300,city,5,9.43005,0,2,0,0.4,53022,False,False
17,2020-04-23,13,PE,Toritama,2615409,city,1,2.21146,0,0,0,0.0,45219,False,False
17,2020-04-23,13,PE,Tracunhaém,2615508,city,2,14.52538,0,0,0,0.0,13769,False,False
17,2020-04-23,9,PE,Triunfo,2615706,city,2,13.11132,0,0,0,0.0,15254,False,False
17,2020-04-23,5,PE,Tupanatinga,2615805,city,3,10.9874,3,0,0,0.0,27304,False,False
17,2020-04-23,4,PE,Tuparetama,2615904,city,1,12.19215,0,0,0,0.0,8202,False,False
17,2020-04-23,7,PE,Vertentes,2616209,city,1,4.82369,0,0,0,0.0,20731,False,False
17,2020-04-23,4,PE,Vicência,2616308,city,1,3.06344,0,0,0,0.0,32643,False,False
17,2020-04-23,17,PE,Vitória de Santo Antão,2616407,city,36,25.94464,6,7,1,0.1944,138757,False,False
17,2020-04-23,1,PE,Xexéu,2616506,city,1,6.79117,1,0,0,0.0,14725,False,False
17,2020-04-22,14,PE,Abreu e Lima,2600054,city,31,31.0031,2,1,1,0.0323,99990,False,False
17,2020-04-22,4,PE,Alagoinha,2600609,city,1,6.83247,0,0,0,0.0,14636,False,False
17,2020-04-22,22,PE,Aliança,2600708,city,5,13.02558,0,1,0,0.2,38386,False,False
17,2020-04-22,4,PE,Altinho,2600807,city,1,4.35313,0,0,0,0.0,22972,False,False
17,2020-04-22,7,PE,Amaraji,2600906,city,2,8.76079,1,1,0,0.5,22829,False,False
17,2020-04-22,10,PE,Araçoiaba,2601052,city,3,14.61703,1,0,0,0.0,20524,False,False
17,2020-04-22,15,PE,Arcoverde,2601201,city,12,16.14248,1,2,0,0.1667,74338,False,False
17,2020-04-22,37,PE,Belo Jardim,2601706,city,5,6.54116,0,0,0,0.0,76439,False,False
17,2020-04-22,10,PE,Bezerros,2601904,city,1,1.64479,-1,0,0,0.0,60798,False,False
17,2020-04-22,13,PE,Bom Conselho,2602100,city,2,4.11913,0,1,0,0.5,48554,False,False
17,2020-04-22,16,PE,Bom Jardim,2602209,city,5,12.76031,2,1,0,0.2,39184,False,False
17,2020-04-22,5,PE,Bonito,2602308,city,2,5.24466,0,1,0,0.5,38134,False,False
17,2020-04-22,20,PE,Cabo de Santo Agostinho,2602902,city,40,19.31919,8,12,0,0.3,207048,False,False
17,2020-04-22,17,PE,Cachoeirinha,2603108,city,8,39.25417,0,0,0,0.0,20380,False,False
17,2020-04-22,4,PE,Caetés,2603207,city,1,3.47959,0,0,0,0.0,28739,False,False
17,2020-04-22,27,PE,Camaragibe,2603454,city,117,74.13133,7,11,1,0.094,157828,False,False
17,2020-04-22,14,PE,Capoeiras,2603801,city,1,4.98803,0,0,0,0.0,20048,False,False
17,2020-04-22,9,PE,Carnaíba,2603900,city,1,5.11483,0,1,0,1.0,19551,False,False
17,2020-04-22,14,PE,Carpina,2604007,city,4,4.78234,1,0,0,0.0,83641,False,False
17,2020-04-22,31,PE,Caruaru,2604106,city,15,4.15377,0,2,0,0.1333,361118,False,False
17,2020-04-22,16,PE,Catende,2604205,city,2,4.66287,0,1,0,0.5,42892,False,False
17,2020-04-22,9,PE,Chã de Alegria,2604403,city,3,22.19263,1,0,0,0.0,13518,False,False
17,2020-04-22,11,PE,Chã Grande,2604502,city,3,13.82616,0,0,0,0.0,21698,False,False
17,2020-04-22,7,PE,Cupira,2605004,city,1,4.14817,0,0,0,0.0,24107,False,False
17,2020-04-22,4,PE,Custódia,2605103,city,1,2.69462,0,0,0,0.0,37111,False,False
17,2020-04-22,7,PE,Escada,2605202,city,4,5.80762,0,0,0,0.0,68875,False,False
17,2020-04-22,7,PE,Feira Nova,2605400,city,2,9.0371,0,0,0,0.0,22131,False,False
17,2020-04-22,27,PE,Fernando de Noronha,2605459,city,28,914.73375,-1,0,0,0.0,3061,False,False
17,2020-04-22,3,PE,Ferreiros,2605509,city,1,8.24878,0,0,0,0.0,12123,False,False
17,2020-04-22,14,PE,Frei Miguelinho,2605806,city,2,12.93912,0,0,0,0.0,15457,False,False
17,2020-04-22,12,PE,Gameleira,2605905,city,1,3.2204,0,1,0,1.0,31052,False,False
17,2020-04-22,14,PE,Garanhuns,2606002,city,9,6.43832,2,2,1,0.2222,139788,False,False
17,2020-04-22,11,PE,Glória do Goitá,2606101,city,4,13.07019,1,1,0,0.25,30604,False,False
17,2020-04-22,27,PE,Goiana,2606200,city,8,10.03034,1,3,0,0.375,79758,False,False
17,2020-04-22,10,PE,Gravatá,2606408,city,2,2.37886,0,0,0,0.0,84074,False,False
17,2020-04-22,16,PE,Igarassu,2606804,city,27,23.07318,3,5,0,0.1852,117019,False,False
17,2020-04-22,9,PE,Ilha de Itamaracá,2607604,city,5,19.04182,0,0,0,0.0,26258,False,False
17,2020-04-22,40,PE,Importados/Indefinidos,,city,12,,1,1,0,0.0833,,False,False
17,2020-04-22,2,PE,Inajá,2607000,city,1,4.30163,0,0,0,0.0,23247,False,False
17,2020-04-22,13,PE,Ipojuca,2607208,city,13,13.51295,2,2,0,0.1538,96204,False,False
17,2020-04-22,23,PE,Ipubi,2607307,city,8,25.92857,0,0,0,0.0,30854,False,False
17,2020-04-22,2,PE,Itambé,2607653,city,1,2.74371,0,0,0,0.0,36447,False,False
17,2020-04-22,3,PE,Itapetim,2607703,city,1,7.3443,1,0,0,0.0,13616,False,False
17,2020-04-22,11,PE,Itapissuma,2607752,city,3,11.25661,1,0,0,0.0,26651,False,False
17,2020-04-22,37,PE,Jaboatão dos Guararapes,2607901,city,253,36.02459,35,23,1,0.0909,702298,False,False
17,2020-04-22,2,PE,Jataúba,2608008,city,1,5.8309,0,0,0,0.0,17150,False,False
17,2020-04-22,4,PE,Jatobá,2608057,city,1,6.75858,0,0,0,0.0,14796,False,False
17,2020-04-22,14,PE,João Alfredo,2608107,city,5,14.78328,0,0,0,0.0,33822,False,False
17,2020-04-22,1,PE,Jucati,2608255,city,1,8.7535,1,0,0,0.0,11424,False,False
17,2020-04-22,4,PE,Jupi,2608305,city,1,6.74036,0,0,0,0.0,14836,False,False
17,2020-04-22,6,PE,Lagoa de Itaenga,2608503,city,1,4.66657,0,0,0,0.0,21429,False,False
17,2020-04-22,17,PE,Lagoa do Carro,2608453,city,2,11.06746,0,1,0,0.5,18071,False,False
17,2020-04-22,10,PE,Lagoa dos Gatos,2608701,city,1,6.13874,0,1,0,1.0,16290,False,False
17,2020-04-22,14,PE,Limoeiro,2608909,city,9,16.0,0,3,0,0.3333,56250,False,False
17,2020-04-22,16,PE,Macaparana,2609006,city,3,11.82219,1,2,0,0.6667,25376,False,False
17,2020-04-22,11,PE,Machados,2609105,city,2,12.43163,0,1,0,0.5,16088,False,False
17,2020-04-22,16,PE,Moreno,2609402,city,14,22.29867,2,2,0,0.1429,62784,False,False
17,2020-04-22,1,PE,Nazaré da Mata,2609501,city,2,6.15934,2,0,0,0.0,32471,False,False
17,2020-04-22,32,PE,Olinda,2609600,city,293,74.65311,40,25,2,0.0853,392482,False,False
17,2020-04-22,1,PE,Orocó,2609808,city,1,6.67067,1,0,0,0.0,14991,False,False
17,2020-04-22,24,PE,Palmares,2610004,city,5,7.90514,0,3,0,0.6,63250,False,False
17,2020-04-22,1,PE,Panelas,2610202,city,1,3.77729,1,0,0,0.0,26474,False,False
17,2020-04-22,15,PE,Passira,2610509,city,3,10.36878,0,0,0,0.0,28933,False,False
17,2020-04-22,17,PE,Paudalho,2610608,city,18,31.85502,5,6,0,0.3333,56506,False,False
17,2020-04-22,20,PE,Paulista,2610707,city,184,55.45944,20,11,4,0.0598,331774,False,False
17,2020-04-22,4,PE,Pedra,2610806,city,4,17.68581,3,0,0,0.0,22617,False,False
17,2020-04-22,6,PE,Pesqueira,2610905,city,1,1.48379,0,0,0,0.0,67395,False,False
17,2020-04-22,31,PE,Petrolina,2611101,city,12,3.43697,3,0,0,0.0,349145,False,False
17,2020-04-22,4,PE,Poção,2611200,city,1,8.84799,0,0,0,0.0,11302,False,False
17,2020-04-22,14,PE,Pombos,2611309,city,8,29.5301,2,1,0,0.125,27091,False,False
17,2020-04-22,12,PE,Quipapá,2611507,city,1,3.84069,0,0,0,0.0,26037,False,False
17,2020-04-22,1,PE,Quixaba,2611533,city,1,14.67782,1,0,0,0.0,6813,False,False
17,2020-04-22,42,PE,Recife,2611606,city,1904,115.69355,217,124,10,0.0651,1645727,False,False
17,2020-04-22,8,PE,Ribeirão,2611804,city,2,4.21807,0,0,0,0.0,47415,False,False
17,2020-04-22,6,PE,Rio Formoso,2611903,city,3,12.74697,2,0,0,0.0,23535,False,False
17,2020-04-22,16,PE,Salgueiro,2612208,city,8,13.12982,0,0,0,0.0,60930,False,False
17,2020-04-22,6,PE,Sanharó,2612406,city,0,,0,0,0,0.0,26462,False,False
17,2020-04-22,12,PE,Santa Cruz do Capibaribe,2612505,city,2,1.85293,0,0,0,0.0,107937,False,False
17,2020-04-22,12,PE,São Bento do Una,2613008,city,1,1.68056,0,0,0,0.0,59504,False,False
17,2020-04-22,13,PE,São Caitano,2613107,city,4,10.7397,0,0,0,0.0,37245,False,False
17,2020-04-22,11,PE,São José da Coroa Grande,2613404,city,1,4.69528,0,1,0,1.0,21298,False,False
17,2020-04-22,6,PE,São José do Egito,2613602,city,1,2.94542,0,0,0,0.0,33951,False,False
17,2020-04-22,26,PE,São Lourenço da Mata,2613701,city,87,76.83476,14,18,0,0.2069,113230,False,False
17,2020-04-22,6,PE,São Vicente Ferrer,2613800,city,1,5.55001,0,0,0,0.0,18018,False,False
17,2020-04-22,13,PE,Serra Talhada,2613909,city,6,6.94847,0,0,0,0.0,86350,False,False
17,2020-04-22,12,PE,Sertânia,2614105,city,1,2.78497,0,1,0,1.0,35907,False,False
17,2020-04-22,4,PE,Sirinhaém,2614204,city,3,6.54094,1,0,0,0.0,45865,False,False
17,2020-04-22,7,PE,Surubim,2614501,city,2,3.07272,0,0,0,0.0,65089,False,False
17,2020-04-22,2,PE,Tabira,2614600,city,1,3.50459,0,1,1,1.0,28534,False,False
17,2020-04-22,16,PE,Timbaúba,2615300,city,5,9.43005,1,2,0,0.4,53022,False,False
17,2020-04-22,12,PE,Toritama,2615409,city,1,2.21146,0,0,0,0.0,45219,False,False
17,2020-04-22,12,PE,Tracunhaém,2615508,city,2,14.52538,0,0,0,0.0,13769,False,False
17,2020-04-22,8,PE,Triunfo,2615706,city,2,13.11132,0,0,0,0.0,15254,False,False
17,2020-04-22,4,PE,Tupanatinga,2615805,city,0,,0,0,0,0.0,27304,False,False
17,2020-04-22,3,PE,Tuparetama,2615904,city,1,12.19215,0,0,0,0.0,8202,False,False
17,2020-04-22,6,PE,Vertentes,2616209,city,1,4.82369,0,0,0,0.0,20731,False,False
17,2020-04-22,3,PE,Vicência,2616308,city,1,3.06344,0,0,0,0.0,32643,False,False
17,2020-04-22,16,PE,Vitória de Santo Antão,2616407,city,30,21.62053,4,6,1,0.2,138757,False,False
17,2020-04-21,13,PE,Abreu e Lima,2600054,city,29,29.0029,0,0,0,0.0,99990,False,False
17,2020-04-21,3,PE,Alagoinha,2600609,city,1,6.83247,0,0,0,0.0,14636,False,False
17,2020-04-21,21,PE,Aliança,2600708,city,5,13.02558,0,1,0,0.2,38386,False,False
17,2020-04-21,3,PE,Altinho,2600807,city,1,4.35313,0,0,0,0.0,22972,False,False
17,2020-04-21,6,PE,Amaraji,2600906,city,1,4.38039,0,1,0,1.0,22829,False,False
17,2020-04-21,9,PE,Araçoiaba,2601052,city,2,9.74469,0,0,0,0.0,20524,False,False
17,2020-04-21,14,PE,Arcoverde,2601201,city,11,14.79728,1,2,0,0.1818,74338,False,False
17,2020-04-21,36,PE,Belo Jardim,2601706,city,5,6.54116,1,0,0,0.0,76439,False,False
17,2020-04-21,9,PE,Bezerros,2601904,city,2,3.28958,1,0,0,0.0,60798,False,False
17,2020-04-21,12,PE,Bom Conselho,2602100,city,2,4.11913,0,1,0,0.5,48554,False,False
17,2020-04-21,15,PE,Bom Jardim,2602209,city,3,7.65619,0,1,0,0.3333,39184,False,False
17,2020-04-21,4,PE,Bonito,2602308,city,2,5.24466,1,1,0,0.5,38134,False,False
17,2020-04-21,19,PE,Cabo de Santo Agostinho,2602902,city,32,15.45535,2,12,1,0.375,207048,False,False
17,2020-04-21,16,PE,Cachoeirinha,2603108,city,8,39.25417,0,0,0,0.0,20380,False,False
17,2020-04-21,3,PE,Caetés,2603207,city,1,3.47959,0,0,0,0.0,28739,False,False
17,2020-04-21,26,PE,Camaragibe,2603454,city,110,69.69612,5,10,2,0.0909,157828,False,False
17,2020-04-21,13,PE,Capoeiras,2603801,city,1,4.98803,0,0,0,0.0,20048,False,False
17,2020-04-21,8,PE,Carnaíba,2603900,city,1,5.11483,0,1,0,1.0,19551,False,False
17,2020-04-21,13,PE,Carpina,2604007,city,3,3.58676,0,0,0,0.0,83641,False,False
17,2020-04-21,30,PE,Caruaru,2604106,city,15,4.15377,0,2,0,0.1333,361118,False,False
17,2020-04-21,15,PE,Catende,2604205,city,2,4.66287,0,1,0,0.5,42892,False,False
17,2020-04-21,8,PE,Chã de Alegria,2604403,city,2,14.79509,0,0,0,0.0,13518,False,False
17,2020-04-21,10,PE,Chã Grande,2604502,city,3,13.82616,0,0,0,0.0,21698,False,False
17,2020-04-21,6,PE,Cupira,2605004,city,1,4.14817,0,0,0,0.0,24107,False,False
17,2020-04-21,3,PE,Custódia,2605103,city,1,2.69462,0,0,0,0.0,37111,False,False
17,2020-04-21,6,PE,Escada,2605202,city,4,5.80762,1,0,0,0.0,68875,False,False
17,2020-04-21,6,PE,Feira Nova,2605400,city,2,9.0371,0,0,0,0.0,22131,False,False
17,2020-04-21,26,PE,Fernando de Noronha,2605459,city,29,947.40281,2,0,0,0.0,3061,False,False
17,2020-04-21,2,PE,Ferreiros,2605509,city,1,8.24878,0,0,0,0.0,12123,False,False
17,2020-04-21,13,PE,Frei Miguelinho,2605806,city,2,12.93912,0,0,0,0.0,15457,False,False
17,2020-04-21,11,PE,Gameleira,2605905,city,1,3.2204,0,1,0,1.0,31052,False,False
17,2020-04-21,13,PE,Garanhuns,2606002,city,7,5.00758,0,1,0,0.1429,139788,False,False
17,2020-04-21,10,PE,Glória do Goitá,2606101,city,3,9.80264,0,1,1,0.3333,30604,False,False
17,2020-04-21,26,PE,Goiana,2606200,city,7,8.77655,1,3,0,0.4286,79758,False,False
17,2020-04-21,9,PE,Gravatá,2606408,city,2,2.37886,1,0,0,0.0,84074,False,False
17,2020-04-21,15,PE,Igarassu,2606804,city,24,20.50949,1,5,0,0.2083,117019,False,False
17,2020-04-21,8,PE,Ilha de Itamaracá,2607604,city,5,19.04182,1,0,0,0.0,26258,False,False
17,2020-04-21,39,PE,Importados/Indefinidos,,city,11,,0,1,0,0.0909,,False,False
17,2020-04-21,1,PE,Inajá,2607000,city,1,4.30163,1,0,0,0.0,23247,False,False
17,2020-04-21,12,PE,Ipojuca,2607208,city,11,11.43404,1,2,1,0.1818,96204,False,False
17,2020-04-21,22,PE,Ipubi,2607307,city,8,25.92857,0,0,0,0.0,30854,False,False
17,2020-04-21,1,PE,Itambé,2607653,city,1,2.74371,1,0,0,0.0,36447,False,False
17,2020-04-21,2,PE,Itapetim,2607703,city,0,,-1,0,0,0.0,13616,False,False
17,2020-04-21,10,PE,Itapissuma,2607752,city,2,7.50441,0,0,0,0.0,26651,False,False
17,2020-04-21,36,PE,Jaboatão dos Guararapes,2607901,city,218,31.04095,14,22,4,0.1009,702298,False,False
17,2020-04-21,1,PE,Jataúba,2608008,city,1,5.8309,1,0,0,0.0,17150,False,False
17,2020-04-21,3,PE,Jatobá,2608057,city,1,6.75858,0,0,0,0.0,14796,False,False
17,2020-04-21,13,PE,João Alfredo,2608107,city,5,14.78328,0,0,0,0.0,33822,False,False
17,2020-04-21,3,PE,Jupi,2608305,city,1,6.74036,0,0,0,0.0,14836,False,False
17,2020-04-21,5,PE,Lagoa de Itaenga,2608503,city,1,4.66657,0,0,0,0.0,21429,False,False
17,2020-04-21,16,PE,Lagoa do Carro,2608453,city,2,11.06746,0,1,0,0.5,18071,False,False
17,2020-04-21,9,PE,Lagoa dos Gatos,2608701,city,1,6.13874,0,1,0,1.0,16290,False,False
17,2020-04-21,13,PE,Limoeiro,2608909,city,9,16.0,1,3,0,0.3333,56250,False,False
17,2020-04-21,15,PE,Macaparana,2609006,city,2,7.88146,0,2,0,1.0,25376,False,False
17,2020-04-21,10,PE,Machados,2609105,city,2,12.43163,0,1,0,0.5,16088,False,False
17,2020-04-21,15,PE,Moreno,2609402,city,12,19.11315,2,2,0,0.1667,62784,False,False
17,2020-04-21,31,PE,Olinda,2609600,city,253,64.46155,20,23,4,0.0909,392482,False,False
17,2020-04-21,23,PE,Palmares,2610004,city,5,7.90514,0,3,0,0.6,63250,False,False
17,2020-04-21,14,PE,Passira,2610509,city,3,10.36878,2,0,0,0.0,28933,False,False
17,2020-04-21,16,PE,Paudalho,2610608,city,13,23.00641,2,6,0,0.4615,56506,False,False
17,2020-04-21,19,PE,Paulista,2610707,city,164,49.43124,11,7,1,0.0427,331774,False,False
17,2020-04-21,3,PE,Pedra,2610806,city,1,4.42145,0,0,0,0.0,22617,False,False
17,2020-04-21,5,PE,Pesqueira,2610905,city,1,1.48379,0,0,0,0.0,67395,False,False
17,2020-04-21,30,PE,Petrolina,2611101,city,9,2.57773,0,0,0,0.0,349145,False,False
17,2020-04-21,3,PE,Poção,2611200,city,1,8.84799,0,0,0,0.0,11302,False,False
17,2020-04-21,13,PE,Pombos,2611309,city,6,22.14758,0,1,0,0.1667,27091,False,False
17,2020-04-21,11,PE,Quipapá,2611507,city,1,3.84069,0,0,0,0.0,26037,False,False
17,2020-04-21,41,PE,Recife,2611606,city,1687,102.50789,135,114,7,0.0676,1645727,False,False
17,2020-04-21,7,PE,Ribeirão,2611804,city,2,4.21807,1,0,0,0.0,47415,False,False
17,2020-04-21,5,PE,Rio Formoso,2611903,city,1,4.24899,0,0,0,0.0,23535,False,False
17,2020-04-21,15,PE,Salgueiro,2612208,city,8,13.12982,0,0,0,0.0,60930,False,False
17,2020-04-21,5,PE,Sanharó,2612406,city,0,,0,0,0,0.0,26462,False,False
17,2020-04-21,11,PE,Santa Cruz do Capibaribe,2612505,city,2,1.85293,0,0,0,0.0,107937,False,False
17,2020-04-21,11,PE,São Bento do Una,2613008,city,1,1.68056,0,0,0,0.0,59504,False,False
17,2020-04-21,12,PE,São Caitano,2613107,city,4,10.7397,0,0,0,0.0,37245,False,False
17,2020-04-21,10,PE,São José da Coroa Grande,2613404,city,1,4.69528,0,1,0,1.0,21298,False,False
17,2020-04-21,5,PE,São José do Egito,2613602,city,1,2.94542,0,0,0,0.0,33951,False,False
17,2020-04-21,25,PE,São Lourenço da Mata,2613701,city,73,64.47055,5,18,4,0.2466,113230,False,False
17,2020-04-21,5,PE,São Vicente Ferrer,2613800,city,1,5.55001,0,0,0,0.0,18018,False,False
17,2020-04-21,12,PE,Serra Talhada,2613909,city,6,6.94847,2,0,0,0.0,86350,False,False
17,2020-04-21,11,PE,Sertânia,2614105,city,1,2.78497,0,1,0,1.0,35907,False,False
17,2020-04-21,3,PE,Sirinhaém,2614204,city,2,4.36062,0,0,0,0.0,45865,False,False
17,2020-04-21,6,PE,Surubim,2614501,city,2,3.07272,1,0,0,0.0,65089,False,False
17,2020-04-21,1,PE,Tabira,2614600,city,1,3.50459,1,0,0,0.0,28534,False,False
17,2020-04-21,15,PE,Timbaúba,2615300,city,4,7.54404,0,2,0,0.5,53022,False,False
17,2020-04-21,11,PE,Toritama,2615409,city,1,2.21146,0,0,0,0.0,45219,False,False
17,2020-04-21,11,PE,Tracunhaém,2615508,city,2,14.52538,0,0,0,0.0,13769,False,False
17,2020-04-21,7,PE,Triunfo,2615706,city,2,13.11132,0,0,0,0.0,15254,False,False
17,2020-04-21,3,PE,Tupanatinga,2615805,city,0,,-1,0,0,0.0,27304,False,False
17,2020-04-21,2,PE,Tuparetama,2615904,city,1,12.19215,0,0,0,0.0,8202,False,False
17,2020-04-21,5,PE,Vertentes,2616209,city,1,4.82369,0,0,0,0.0,20731,False,False
17,2020-04-21,2,PE,Vicência,2616308,city,1,3.06344,0,0,0,0.0,32643,False,False
17,2020-04-21,15,PE,Vitória de Santo Antão,2616407,city,26,18.73779,1,5,1,0.1923,138757,False,False
17,2020-04-20,12,PE,Abreu e Lima,2600054,city,29,29.0029,2,0,0,0.0,99990,False,False
17,2020-04-20,2,PE,Alagoinha,2600609,city,1,6.83247,0,0,0,0.0,14636,False,False
17,2020-04-20,20,PE,Aliança,2600708,city,5,13.02558,0,1,0,0.2,38386,False,False
17,2020-04-20,2,PE,Altinho,2600807,city,1,4.35313,0,0,0,0.0,22972,False,False
17,2020-04-20,5,PE,Amaraji,2600906,city,1,4.38039,0,1,0,1.0,22829,False,False
17,2020-04-20,8,PE,Araçoiaba,2601052,city,2,9.74469,0,0,0,0.0,20524,False,False
17,2020-04-20,13,PE,Arcoverde,2601201,city,10,13.45207,0,2,0,0.2,74338,False,False
17,2020-04-20,35,PE,Belo Jardim,2601706,city,4,5.23293,1,0,0,0.0,76439,False,False
17,2020-04-20,8,PE,Bezerros,2601904,city,1,1.64479,0,0,0,0.0,60798,False,False
17,2020-04-20,11,PE,Bom Conselho,2602100,city,2,4.11913,0,1,0,0.5,48554,False,False
17,2020-04-20,14,PE,Bom Jardim,2602209,city,3,7.65619,0,1,0,0.3333,39184,False,False
17,2020-04-20,3,PE,Bonito,2602308,city,1,2.62233,0,1,0,1.0,38134,False,False
17,2020-04-20,18,PE,Cabo de Santo Agostinho,2602902,city,30,14.48939,3,11,0,0.3667,207048,False,False
17,2020-04-20,15,PE,Cachoeirinha,2603108,city,8,39.25417,0,0,0,0.0,20380,False,False
17,2020-04-20,2,PE,Caetés,2603207,city,1,3.47959,0,0,0,0.0,28739,False,False
17,2020-04-20,25,PE,Camaragibe,2603454,city,105,66.52812,12,8,1,0.0762,157828,False,False
17,2020-04-20,12,PE,Capoeiras,2603801,city,1,4.98803,0,0,0,0.0,20048,False,False
17,2020-04-20,7,PE,Carnaíba,2603900,city,1,5.11483,0,1,0,1.0,19551,False,False
17,2020-04-20,12,PE,Carpina,2604007,city,3,3.58676,-1,0,0,0.0,83641,False,False
17,2020-04-20,29,PE,Caruaru,2604106,city,15,4.15377,0,2,1,0.1333,361118,False,False
17,2020-04-20,14,PE,Catende,2604205,city,2,4.66287,0,1,0,0.5,42892,False,False
17,2020-04-20,7,PE,Chã de Alegria,2604403,city,2,14.79509,0,0,0,0.0,13518,False,False
17,2020-04-20,9,PE,Chã Grande,2604502,city,3,13.82616,0,0,0,0.0,21698,False,False
17,2020-04-20,5,PE,Cupira,2605004,city,1,4.14817,0,0,0,0.0,24107,False,False
17,2020-04-20,2,PE,Custódia,2605103,city,1,2.69462,0,0,0,0.0,37111,False,False
17,2020-04-20,5,PE,Escada,2605202,city,3,4.35572,1,0,0,0.0,68875,False,False
17,2020-04-20,5,PE,Feira Nova,2605400,city,2,9.0371,0,0,0,0.0,22131,False,False
17,2020-04-20,25,PE,Fernando de Noronha,2605459,city,27,882.06468,0,0,0,0.0,3061,False,False
17,2020-04-20,1,PE,Ferreiros,2605509,city,1,8.24878,1,0,0,0.0,12123,False,False
17,2020-04-20,12,PE,Frei Miguelinho,2605806,city,2,12.93912,0,0,0,0.0,15457,False,False
17,2020-04-20,10,PE,Gameleira,2605905,city,1,3.2204,0,1,0,1.0,31052,False,False
17,2020-04-20,12,PE,Garanhuns,2606002,city,7,5.00758,0,1,0,0.1429,139788,False,False
17,2020-04-20,9,PE,Glória do Goitá,2606101,city,3,9.80264,1,0,0,0.0,30604,False,False
17,2020-04-20,25,PE,Goiana,2606200,city,6,7.52276,0,3,0,0.5,79758,False,False
17,2020-04-20,8,PE,Gravatá,2606408,city,1,1.18943,0,0,0,0.0,84074,False,False
17,2020-04-20,14,PE,Igarassu,2606804,city,23,19.65493,5,5,1,0.2174,117019,False,False
17,2020-04-20,7,PE,Ilha de Itamaracá,2607604,city,4,15.23345,0,0,0,0.0,26258,False,False
17,2020-04-20,38,PE,Importados/Indefinidos,,city,11,,0,1,0,0.0909,,False,False
17,2020-04-20,11,PE,Ipojuca,2607208,city,10,10.39458,0,1,0,0.1,96204,False,False
17,2020-04-20,21,PE,Ipubi,2607307,city,8,25.92857,0,0,0,0.0,30854,False,False
17,2020-04-20,1,PE,Itapetim,2607703,city,1,7.3443,1,0,0,0.0,13616,False,False
17,2020-04-20,9,PE,Itapissuma,2607752,city,2,7.50441,0,0,0,0.0,26651,False,False
17,2020-04-20,35,PE,Jaboatão dos Guararapes,2607901,city,204,29.0475,15,18,2,0.0882,702298,False,False
17,2020-04-20,2,PE,Jatobá,2608057,city,1,6.75858,0,0,0,0.0,14796,False,False
17,2020-04-20,12,PE,João Alfredo,2608107,city,5,14.78328,0,0,0,0.0,33822,False,False
17,2020-04-20,2,PE,Jupi,2608305,city,1,6.74036,0,0,0,0.0,14836,False,False
17,2020-04-20,4,PE,Lagoa de Itaenga,2608503,city,1,4.66657,0,0,0,0.0,21429,False,False
17,2020-04-20,15,PE,Lagoa do Carro,2608453,city,2,11.06746,0,1,0,0.5,18071,False,False
17,2020-04-20,8,PE,Lagoa dos Gatos,2608701,city,1,6.13874,0,1,0,1.0,16290,False,False
17,2020-04-20,12,PE,Limoeiro,2608909,city,8,14.22222,0,3,0,0.375,56250,False,False
17,2020-04-20,14,PE,Macaparana,2609006,city,2,7.88146,0,2,1,1.0,25376,False,False
17,2020-04-20,9,PE,Machados,2609105,city,2,12.43163,0,1,0,0.5,16088,False,False
17,2020-04-20,14,PE,Moreno,2609402,city,10,15.92762,0,2,0,0.2,62784,False,False
17,2020-04-20,30,PE,Olinda,2609600,city,233,59.36578,20,19,3,0.0815,392482,False,False
17,2020-04-20,22,PE,Palmares,2610004,city,5,7.90514,1,3,0,0.6,63250,False,False
17,2020-04-20,13,PE,Passira,2610509,city,1,3.45626,0,0,0,0.0,28933,False,False
17,2020-04-20,15,PE,Paudalho,2610608,city,11,19.46696,1,6,1,0.5455,56506,False,False
17,2020-04-20,18,PE,Paulista,2610707,city,153,46.11573,10,6,1,0.0392,331774,False,False
17,2020-04-20,2,PE,Pedra,2610806,city,1,4.42145,0,0,0,0.0,22617,False,False
17,2020-04-20,4,PE,Pesqueira,2610905,city,1,1.48379,0,0,0,0.0,67395,False,False
17,2020-04-20,29,PE,Petrolina,2611101,city,9,2.57773,0,0,0,0.0,349145,False,False
17,2020-04-20,2,PE,Poção,2611200,city,1,8.84799,0,0,0,0.0,11302,False,False
17,2020-04-20,12,PE,Pombos,2611309,city,6,22.14758,0,1,0,0.1667,27091,False,False
17,2020-04-20,10,PE,Quipapá,2611507,city,1,3.84069,0,0,0,0.0,26037,False,False
17,2020-04-20,40,PE,Recife,2611606,city,1552,94.30483,153,107,7,0.0689,1645727,False,False
17,2020-04-20,6,PE,Ribeirão,2611804,city,1,2.10904,0,0,0,0.0,47415,False,False
17,2020-04-20,4,PE,Rio Formoso,2611903,city,1,4.24899,0,0,0,0.0,23535,False,False
17,2020-04-20,14,PE,Salgueiro,2612208,city,8,13.12982,0,0,0,0.0,60930,False,False
17,2020-04-20,4,PE,Sanharó,2612406,city,0,,-1,0,0,0.0,26462,False,False
17,2020-04-20,10,PE,Santa Cruz do Capibaribe,2612505,city,2,1.85293,0,0,0,0.0,107937,False,False
17,2020-04-20,10,PE,São Bento do Una,2613008,city,1,1.68056,0,0,0,0.0,59504,False,False
17,2020-04-20,11,PE,São Caitano,2613107,city,4,10.7397,0,0,0,0.0,37245,False,False
17,2020-04-20,9,PE,São José da Coroa Grande,2613404,city,1,4.69528,0,1,0,1.0,21298,False,False
17,2020-04-20,4,PE,São José do Egito,2613602,city,1,2.94542,0,0,0,0.0,33951,False,False
17,2020-04-20,24,PE,São Lourenço da Mata,2613701,city,68,60.05476,0,14,0,0.2059,113230,False,False
17,2020-04-20,4,PE,São Vicente Ferrer,2613800,city,1,5.55001,0,0,0,0.0,18018,False,False
17,2020-04-20,11,PE,Serra Talhada,2613909,city,4,4.63231,0,0,0,0.0,86350,False,False
17,2020-04-20,10,PE,Sertânia,2614105,city,1,2.78497,0,1,0,1.0,35907,False,False
17,2020-04-20,2,PE,Sirinhaém,2614204,city,2,4.36062,1,0,0,0.0,45865,False,False
17,2020-04-20,5,PE,Surubim,2614501,city,1,1.53636,0,0,0,0.0,65089,False,False
17,2020-04-20,14,PE,Timbaúba,2615300,city,4,7.54404,0,2,0,0.5,53022,False,False
17,2020-04-20,10,PE,Toritama,2615409,city,1,2.21146,0,0,0,0.0,45219,False,False
17,2020-04-20,10,PE,Tracunhaém,2615508,city,2,14.52538,0,0,0,0.0,13769,False,False
17,2020-04-20,6,PE,Triunfo,2615706,city,2,13.11132,0,0,0,0.0,15254,False,False
17,2020-04-20,2,PE,Tupanatinga,2615805,city,1,3.66247,0,0,0,0.0,27304,False,False
17,2020-04-20,1,PE,Tuparetama,2615904,city,1,12.19215,1,0,0,0.0,8202,False,False
17,2020-04-20,4,PE,Vertentes,2616209,city,1,4.82369,0,0,0,0.0,20731,False,False
17,2020-04-20,1,PE,Vicência,2616308,city,1,3.06344,1,0,0,0.0,32643,False,False
17,2020-04-20,14,PE,Vitória de Santo Antão,2616407,city,25,18.01711,3,4,0,0.16,138757,False,False
17,2020-04-19,11,PE,Abreu e Lima,2600054,city,27,27.0027,6,0,0,0.0,99990,False,False
17,2020-04-19,1,PE,Alagoinha,2600609,city,1,6.83247,1,0,0,0.0,14636,False,False
17,2020-04-19,19,PE,Aliança,2600708,city,5,13.02558,0,1,0,0.2,38386,False,False
17,2020-04-19,1,PE,Altinho,2600807,city,1,4.35313,1,0,0,0.0,22972,False,False
17,2020-04-19,4,PE,Amaraji,2600906,city,1,4.38039,0,1,0,1.0,22829,False,False
17,2020-04-19,7,PE,Araçoiaba,2601052,city,2,9.74469,0,0,0,0.0,20524,False,False
17,2020-04-19,12,PE,Arcoverde,2601201,city,10,13.45207,3,2,0,0.2,74338,False,False
17,2020-04-19,34,PE,Belo Jardim,2601706,city,3,3.9247,0,0,0,0.0,76439,False,False
17,2020-04-19,7,PE,Bezerros,2601904,city,1,1.64479,0,0,0,0.0,60798,False,False
17,2020-04-19,10,PE,Bom Conselho,2602100,city,2,4.11913,0,1,0,0.5,48554,False,False
17,2020-04-19,13,PE,Bom Jardim,2602209,city,3,7.65619,0,1,0,0.3333,39184,False,False
17,2020-04-19,2,PE,Bonito,2602308,city,1,2.62233,0,1,0,1.0,38134,False,False
17,2020-04-19,17,PE,Cabo de Santo Agostinho,2602902,city,27,13.04045,5,11,0,0.4074,207048,False,False
17,2020-04-19,14,PE,Cachoeirinha,2603108,city,8,39.25417,0,0,0,0.0,20380,False,False
17,2020-04-19,1,PE,Caetés,2603207,city,1,3.47959,1,0,0,0.0,28739,False,False
17,2020-04-19,24,PE,Camaragibe,2603454,city,93,58.92491,6,7,0,0.0753,157828,False,False
17,2020-04-19,11,PE,Capoeiras,2603801,city,1,4.98803,0,0,0,0.0,20048,False,False
17,2020-04-19,6,PE,Carnaíba,2603900,city,1,5.11483,0,1,0,1.0,19551,False,False
17,2020-04-19,11,PE,Carpina,2604007,city,4,4.78234,2,0,0,0.0,83641,False,False
17,2020-04-19,28,PE,Caruaru,2604106,city,15,4.15377,0,1,0,0.0667,361118,False,False
17,2020-04-19,13,PE,Catende,2604205,city,2,4.66287,0,1,0,0.5,42892,False,False
17,2020-04-19,6,PE,Chã de Alegria,2604403,city,2,14.79509,0,0,0,0.0,13518,False,False
17,2020-04-19,8,PE,Chã Grande,2604502,city,3,13.82616,0,0,0,0.0,21698,False,False
17,2020-04-19,4,PE,Cupira,2605004,city,1,4.14817,0,0,0,0.0,24107,False,False
17,2020-04-19,1,PE,Custódia,2605103,city,1,2.69462,1,0,0,0.0,37111,False,False
17,2020-04-19,4,PE,Escada,2605202,city,2,2.90381,0,0,0,0.0,68875,False,False
17,2020-04-19,4,PE,Feira Nova,2605400,city,2,9.0371,0,0,0,0.0,22131,False,False
17,2020-04-19,24,PE,Fernando de Noronha,2605459,city,27,882.06468,1,0,0,0.0,3061,False,False
17,2020-04-19,11,PE,Frei Miguelinho,2605806,city,2,12.93912,2,0,0,0.0,15457,False,False
17,2020-04-19,9,PE,Gameleira,2605905,city,1,3.2204,0,1,0,1.0,31052,False,False
17,2020-04-19,11,PE,Garanhuns,2606002,city,7,5.00758,1,1,0,0.1429,139788,False,False
17,2020-04-19,8,PE,Glória do Goitá,2606101,city,2,6.53509,0,0,0,0.0,30604,False,False
17,2020-04-19,24,PE,Goiana,2606200,city,6,7.52276,0,3,0,0.5,79758,False,False
17,2020-04-19,7,PE,Gravatá,2606408,city,1,1.18943,0,0,0,0.0,84074,False,False
17,2020-04-19,13,PE,Igarassu,2606804,city,18,15.38212,2,4,1,0.2222,117019,False,False
17,2020-04-19,6,PE,Ilha de Itamaracá,2607604,city,4,15.23345,0,0,0,0.0,26258,False,False
17,2020-04-19,37,PE,Importados/Indefinidos,,city,11,,0,1,0,0.0909,,False,False
17,2020-04-19,10,PE,Ipojuca,2607208,city,10,10.39458,3,1,0,0.1,96204,False,False
17,2020-04-19,20,PE,Ipubi,2607307,city,8,25.92857,6,0,0,0.0,30854,False,False
17,2020-04-19,8,PE,Itapissuma,2607752,city,2,7.50441,0,0,0,0.0,26651,False,False
17,2020-04-19,34,PE,Jaboatão dos Guararapes,2607901,city,189,26.91165,30,16,1,0.0847,702298,False,False
17,2020-04-19,1,PE,Jatobá,2608057,city,1,6.75858,1,0,0,0.0,14796,False,False
17,2020-04-19,11,PE,João Alfredo,2608107,city,5,14.78328,1,0,0,0.0,33822,False,False
17,2020-04-19,1,PE,Jupi,2608305,city,1,6.74036,1,0,0,0.0,14836,False,False
17,2020-04-19,3,PE,Lagoa de Itaenga,2608503,city,1,4.66657,0,0,0,0.0,21429,False,False
17,2020-04-19,14,PE,Lagoa do Carro,2608453,city,2,11.06746,0,1,0,0.5,18071,False,False
17,2020-04-19,7,PE,Lagoa dos Gatos,2608701,city,1,6.13874,0,1,0,1.0,16290,False,False
17,2020-04-19,11,PE,Limoeiro,2608909,city,8,14.22222,0,3,0,0.375,56250,False,False
17,2020-04-19,13,PE,Macaparana,2609006,city,2,7.88146,1,1,0,0.5,25376,False,False
17,2020-04-19,8,PE,Machados,2609105,city,2,12.43163,0,1,0,0.5,16088,False,False
17,2020-04-19,13,PE,Moreno,2609402,city,10,15.92762,3,2,0,0.2,62784,False,False
17,2020-04-19,29,PE,Olinda,2609600,city,213,54.27,15,16,2,0.0751,392482,False,False
17,2020-04-19,21,PE,Palmares,2610004,city,4,6.32411,0,3,0,0.75,63250,False,False
17,2020-04-19,12,PE,Passira,2610509,city,1,3.45626,0,0,0,0.0,28933,False,False
17,2020-04-19,14,PE,Paudalho,2610608,city,10,17.69724,0,5,0,0.5,56506,False,False
17,2020-04-19,17,PE,Paulista,2610707,city,143,43.10163,13,5,0,0.035,331774,False,False
17,2020-04-19,1,PE,Pedra,2610806,city,1,4.42145,1,0,0,0.0,22617,False,False
17,2020-04-19,3,PE,Pesqueira,2610905,city,1,1.48379,0,0,0,0.0,67395,False,False
17,2020-04-19,28,PE,Petrolina,2611101,city,9,2.57773,3,0,0,0.0,349145,False,False
17,2020-04-19,1,PE,Poção,2611200,city,1,8.84799,1,0,0,0.0,11302,False,False
17,2020-04-19,11,PE,Pombos,2611309,city,6,22.14758,2,1,0,0.1667,27091,False,False
17,2020-04-19,9,PE,Quipapá,2611507,city,1,3.84069,0,0,0,0.0,26037,False,False
17,2020-04-19,39,PE,Recife,2611606,city,1399,85.00802,144,100,6,0.0715,1645727,False,False
17,2020-04-19,5,PE,Ribeirão,2611804,city,1,2.10904,0,0,0,0.0,47415,False,False
17,2020-04-19,3,PE,Rio Formoso,2611903,city,1,4.24899,0,0,0,0.0,23535,False,False
17,2020-04-19,13,PE,Salgueiro,2612208,city,8,13.12982,2,0,0,0.0,60930,False,False
17,2020-04-19,3,PE,Sanharó,2612406,city,1,3.779,1,0,0,0.0,26462,False,False
17,2020-04-19,9,PE,Santa Cruz do Capibaribe,2612505,city,2,1.85293,0,0,0,0.0,107937,False,False
17,2020-04-19,9,PE,São Bento do Una,2613008,city,1,1.68056,0,0,0,0.0,59504,False,False
17,2020-04-19,10,PE,São Caitano,2613107,city,4,10.7397,0,0,0,0.0,37245,False,False
17,2020-04-19,8,PE,São José da Coroa Grande,2613404,city,1,4.69528,0,1,0,1.0,21298,False,False
17,2020-04-19,3,PE,São José do Egito,2613602,city,1,2.94542,0,0,0,0.0,33951,False,False
17,2020-04-19,23,PE,São Lourenço da Mata,2613701,city,68,60.05476,4,14,1,0.2059,113230,False,False
17,2020-04-19,3,PE,São Vicente Ferrer,2613800,city,1,5.55001,0,0,0,0.0,18018,False,False
17,2020-04-19,10,PE,Serra Talhada,2613909,city,4,4.63231,0,0,0,0.0,86350,False,False
17,2020-04-19,9,PE,Sertânia,2614105,city,1,2.78497,0,1,0,1.0,35907,False,False
17,2020-04-19,1,PE,Sirinhaém,2614204,city,1,2.18031,1,0,0,0.0,45865,False,False
17,2020-04-19,4,PE,Surubim,2614501,city,1,1.53636,0,0,0,0.0,65089,False,False
17,2020-04-19,13,PE,Timbaúba,2615300,city,4,7.54404,0,2,0,0.5,53022,False,False
17,2020-04-19,9,PE,Toritama,2615409,city,1,2.21146,0,0,0,0.0,45219,False,False
17,2020-04-19,9,PE,Tracunhaém,2615508,city,2,14.52538,0,0,0,0.0,13769,False,False
17,2020-04-19,5,PE,Triunfo,2615706,city,2,13.11132,0,0,0,0.0,15254,False,False
17,2020-04-19,1,PE,Tupanatinga,2615805,city,1,3.66247,1,0,0,0.0,27304,False,False
17,2020-04-19,3,PE,Vertentes,2616209,city,1,4.82369,0,0,0,0.0,20731,False,False
17,2020-04-19,13,PE,Vitória de Santo Antão,2616407,city,22,15.85506,2,4,0,0.1818,138757,False,False
16,2020-04-18,10,PE,Abreu e Lima,2600054,city,21,21.0021,3,0,0,0.0,99990,False,False
16,2020-04-18,18,PE,Aliança,2600708,city,5,13.02558,0,1,0,0.2,38386,False,False
16,2020-04-18,3,PE,Amaraji,2600906,city,1,4.38039,0,1,0,1.0,22829,False,False
16,2020-04-18,6,PE,Araçoiaba,2601052,city,2,9.74469,0,0,0,0.0,20524,False,False
16,2020-04-18,11,PE,Arcoverde,2601201,city,7,9.41645,0,2,0,0.2857,74338,False,False
16,2020-04-18,33,PE,Belo Jardim,2601706,city,3,3.9247,1,0,0,0.0,76439,False,False
16,2020-04-18,6,PE,Bezerros,2601904,city,1,1.64479,0,0,0,0.0,60798,False,False
16,2020-04-18,9,PE,Bom Conselho,2602100,city,2,4.11913,0,1,0,0.5,48554,False,False
16,2020-04-18,12,PE,Bom Jardim,2602209,city,3,7.65619,0,1,0,0.3333,39184,False,False
16,2020-04-18,1,PE,Bonito,2602308,city,1,2.62233,1,1,1,1.0,38134,False,False
16,2020-04-18,16,PE,Cabo de Santo Agostinho,2602902,city,22,10.62556,1,11,1,0.5,207048,False,False
16,2020-04-18,13,PE,Cachoeirinha,2603108,city,8,39.25417,0,0,0,0.0,20380,False,False
16,2020-04-18,23,PE,Camaragibe,2603454,city,87,55.1233,7,7,0,0.0805,157828,False,False
16,2020-04-18,10,PE,Capoeiras,2603801,city,1,4.98803,0,0,0,0.0,20048,False,False
16,2020-04-18,5,PE,Carnaíba,2603900,city,1,5.11483,0,1,0,1.0,19551,False,False
16,2020-04-18,10,PE,Carpina,2604007,city,2,2.39117,0,0,0,0.0,83641,False,False
16,2020-04-18,27,PE,Caruaru,2604106,city,15,4.15377,2,1,0,0.0667,361118,False,False
16,2020-04-18,12,PE,Catende,2604205,city,2,4.66287,0,1,0,0.5,42892,False,False
16,2020-04-18,5,PE,Chã de Alegria,2604403,city,2,14.79509,0,0,0,0.0,13518,False,False
16,2020-04-18,7,PE,Chã Grande,2604502,city,3,13.82616,0,0,0,0.0,21698,False,False
16,2020-04-18,3,PE,Cupira,2605004,city,1,4.14817,0,0,0,0.0,24107,False,False
16,2020-04-18,3,PE,Escada,2605202,city,2,2.90381,0,0,0,0.0,68875,False,False
16,2020-04-18,3,PE,Feira Nova,2605400,city,2,9.0371,0,0,0,0.0,22131,False,False
16,2020-04-18,23,PE,Fernando de Noronha,2605459,city,26,849.39562,2,0,0,0.0,3061,False,False
16,2020-04-18,10,PE,Frei Miguelinho,2605806,city,0,,-2,0,0,0.0,15457,False,False
16,2020-04-18,8,PE,Gameleira,2605905,city,1,3.2204,0,1,0,1.0,31052,False,False
16,2020-04-18,10,PE,Garanhuns,2606002,city,6,4.29221,0,1,0,0.1667,139788,False,False
16,2020-04-18,7,PE,Glória do Goitá,2606101,city,2,6.53509,0,0,0,0.0,30604,False,False
16,2020-04-18,23,PE,Goiana,2606200,city,6,7.52276,0,3,0,0.5,79758,False,False
16,2020-04-18,6,PE,Gravatá,2606408,city,1,1.18943,0,0,0,0.0,84074,False,False
16,2020-04-18,12,PE,Igarassu,2606804,city,16,13.67299,1,3,0,0.1875,117019,False,False
16,2020-04-18,5,PE,Ilha de Itamaracá,2607604,city,4,15.23345,0,0,0,0.0,26258,False,False
16,2020-04-18,36,PE,Importados/Indefinidos,,city,11,,1,1,0,0.0909,,False,False
16,2020-04-18,9,PE,Ipojuca,2607208,city,7,7.2762,0,1,0,0.1429,96204,False,False
16,2020-04-18,19,PE,Ipubi,2607307,city,2,6.48214,0,0,0,0.0,30854,False,False
16,2020-04-18,7,PE,Itapissuma,2607752,city,2,7.50441,0,0,0,0.0,26651,False,False
16,2020-04-18,33,PE,Jaboatão dos Guararapes,2607901,city,159,22.63996,20,15,1,0.0943,702298,False,False
16,2020-04-18,10,PE,João Alfredo,2608107,city,4,11.82662,0,0,0,0.0,33822,False,False
16,2020-04-18,2,PE,Lagoa de Itaenga,2608503,city,1,4.66657,0,0,0,0.0,21429,False,False
16,2020-04-18,13,PE,Lagoa do Carro,2608453,city,2,11.06746,0,1,0,0.5,18071,False,False
16,2020-04-18,6,PE,Lagoa dos Gatos,2608701,city,1,6.13874,0,1,0,1.0,16290,False,False
16,2020-04-18,10,PE,Limoeiro,2608909,city,8,14.22222,0,3,0,0.375,56250,False,False
16,2020-04-18,12,PE,Macaparana,2609006,city,1,3.94073,0,1,0,1.0,25376,False,False
16,2020-04-18,7,PE,Machados,2609105,city,2,12.43163,0,1,1,0.5,16088,False,False
16,2020-04-18,12,PE,Moreno,2609402,city,7,11.14934,1,2,0,0.2857,62784,False,False
16,2020-04-18,28,PE,Olinda,2609600,city,198,50.44817,13,14,1,0.0707,392482,False,False
16,2020-04-18,20,PE,Palmares,2610004,city,4,6.32411,0,3,1,0.75,63250,False,False
16,2020-04-18,11,PE,Passira,2610509,city,1,3.45626,0,0,0,0.0,28933,False,False
16,2020-04-18,13,PE,Paudalho,2610608,city,10,17.69724,0,5,2,0.5,56506,False,False
16,2020-04-18,16,PE,Paulista,2610707,city,130,39.1833,8,5,1,0.0385,331774,False,False
16,2020-04-18,2,PE,Pesqueira,2610905,city,1,1.48379,0,0,0,0.0,67395,False,False
16,2020-04-18,27,PE,Petrolina,2611101,city,6,1.71848,0,0,0,0.0,349145,False,False
16,2020-04-18,10,PE,Pombos,2611309,city,4,14.76505,0,1,0,0.25,27091,False,False
16,2020-04-18,8,PE,Quipapá,2611507,city,1,3.84069,0,0,0,0.0,26037,False,False
16,2020-04-18,38,PE,Recife,2611606,city,1255,76.25809,119,94,9,0.0749,1645727,False,False
16,2020-04-18,4,PE,Ribeirão,2611804,city,1,2.10904,0,0,0,0.0,47415,False,False
16,2020-04-18,2,PE,Rio Formoso,2611903,city,1,4.24899,0,0,0,0.0,23535,False,False
16,2020-04-18,12,PE,Salgueiro,2612208,city,6,9.84737,0,0,0,0.0,60930,False,False
16,2020-04-18,2,PE,Sanharó,2612406,city,0,,-1,0,0,0.0,26462,False,False
16,2020-04-18,8,PE,Santa Cruz do Capibaribe,2612505,city,2,1.85293,0,0,0,0.0,107937,False,False
16,2020-04-18,8,PE,São Bento do Una,2613008,city,1,1.68056,0,0,0,0.0,59504,False,False
16,2020-04-18,9,PE,São Caitano,2613107,city,4,10.7397,0,0,0,0.0,37245,False,False
16,2020-04-18,7,PE,São José da Coroa Grande,2613404,city,1,4.69528,0,1,0,1.0,21298,False,False
16,2020-04-18,2,PE,São José do Egito,2613602,city,1,2.94542,0,0,0,0.0,33951,False,False
16,2020-04-18,22,PE,São Lourenço da Mata,2613701,city,64,56.52212,3,13,0,0.2031,113230,False,False
16,2020-04-18,2,PE,São Vicente Ferrer,2613800,city,1,5.55001,0,0,0,0.0,18018,False,False
16,2020-04-18,9,PE,Serra Talhada,2613909,city,4,4.63231,0,0,0,0.0,86350,False,False
16,2020-04-18,8,PE,Sertânia,2614105,city,1,2.78497,0,1,0,1.0,35907,False,False
16,2020-04-18,3,PE,Surubim,2614501,city,1,1.53636,0,0,0,0.0,65089,False,False
16,2020-04-18,12,PE,Timbaúba,2615300,city,4,7.54404,0,2,1,0.5,53022,False,False
16,2020-04-18,8,PE,Toritama,2615409,city,1,2.21146,0,0,0,0.0,45219,False,False
16,2020-04-18,8,PE,Tracunhaém,2615508,city,2,14.52538,0,0,0,0.0,13769,False,False
16,2020-04-18,4,PE,Triunfo,2615706,city,2,13.11132,0,0,0,0.0,15254,False,False
16,2020-04-18,2,PE,Vertentes,2616209,city,1,4.82369,0,0,0,0.0,20731,False,False
16,2020-04-18,12,PE,Vitória de Santo Antão,2616407,city,20,14.41369,5,4,0,0.2,138757,False,False
16,2020-04-17,9,PE,Abreu e Lima,2600054,city,18,18.0018,1,0,0,0.0,99990,False,False
16,2020-04-17,17,PE,Aliança,2600708,city,5,13.02558,0,1,0,0.2,38386,False,False
16,2020-04-17,2,PE,Amaraji,2600906,city,1,4.38039,0,1,0,1.0,22829,False,False
16,2020-04-17,5,PE,Araçoiaba,2601052,city,2,9.74469,0,0,0,0.0,20524,False,False
16,2020-04-17,10,PE,Arcoverde,2601201,city,7,9.41645,0,2,0,0.2857,74338,False,False
16,2020-04-17,32,PE,Belo Jardim,2601706,city,2,2.61647,0,0,0,0.0,76439,False,False
16,2020-04-17,5,PE,Bezerros,2601904,city,1,1.64479,0,0,0,0.0,60798,False,False
16,2020-04-17,8,PE,Bom Conselho,2602100,city,2,4.11913,0,1,0,0.5,48554,False,False
16,2020-04-17,11,PE,Bom Jardim,2602209,city,3,7.65619,0,1,0,0.3333,39184,False,False
16,2020-04-17,15,PE,Cabo de Santo Agostinho,2602902,city,21,10.14258,2,10,1,0.4762,207048,False,False
16,2020-04-17,12,PE,Cachoeirinha,2603108,city,8,39.25417,0,0,0,0.0,20380,False,False
16,2020-04-17,22,PE,Camaragibe,2603454,city,80,50.68809,17,7,1,0.0875,157828,False,False
16,2020-04-17,9,PE,Capoeiras,2603801,city,1,4.98803,0,0,0,0.0,20048,False,False
16,2020-04-17,4,PE,Carnaíba,2603900,city,1,5.11483,0,1,0,1.0,19551,False,False
16,2020-04-17,9,PE,Carpina,2604007,city,2,2.39117,0,0,0,0.0,83641,False,False
16,2020-04-17,26,PE,Caruaru,2604106,city,13,3.59993,3,1,0,0.0769,361118,False,False
16,2020-04-17,11,PE,Catende,2604205,city,2,4.66287,0,1,0,0.5,42892,False,False
16,2020-04-17,4,PE,Chã de Alegria,2604403,city,2,14.79509,1,0,0,0.0,13518,False,False
16,2020-04-17,6,PE,Chã Grande,2604502,city,3,13.82616,0,0,0,0.0,21698,False,False
16,2020-04-17,2,PE,Cupira,2605004,city,1,4.14817,0,0,0,0.0,24107,False,False
16,2020-04-17,2,PE,Escada,2605202,city,2,2.90381,1,0,0,0.0,68875,False,False
16,2020-04-17,2,PE,Feira Nova,2605400,city,2,9.0371,0,0,0,0.0,22131,False,False
16,2020-04-17,22,PE,Fernando de Noronha,2605459,city,24,784.0575,0,0,0,0.0,3061,False,False
16,2020-04-17,9,PE,Frei Miguelinho,2605806,city,2,12.93912,1,0,0,0.0,15457,False,False
16,2020-04-17,7,PE,Gameleira,2605905,city,1,3.2204,0,1,0,1.0,31052,False,False
16,2020-04-17,9,PE,Garanhuns,2606002,city,6,4.29221,3,1,0,0.1667,139788,False,False
16,2020-04-17,6,PE,Glória do Goitá,2606101,city,2,6.53509,0,0,0,0.0,30604,False,False
16,2020-04-17,22,PE,Goiana,2606200,city,6,7.52276,1,3,0,0.5,79758,False,False
16,2020-04-17,5,PE,Gravatá,2606408,city,1,1.18943,0,0,0,0.0,84074,False,False
16,2020-04-17,11,PE,Igarassu,2606804,city,15,12.81843,2,3,1,0.2,117019,False,False
16,2020-04-17,4,PE,Ilha de Itamaracá,2607604,city,4,15.23345,0,0,0,0.0,26258,False,False
16,2020-04-17,35,PE,Importados/Indefinidos,,city,10,,1,1,0,0.1,,False,False
16,2020-04-17,8,PE,Ipojuca,2607208,city,7,7.2762,0,1,0,0.1429,96204,False,False
16,2020-04-17,18,PE,Ipubi,2607307,city,2,6.48214,0,0,0,0.0,30854,False,False
16,2020-04-17,6,PE,Itapissuma,2607752,city,2,7.50441,0,0,0,0.0,26651,False,False
16,2020-04-17,32,PE,Jaboatão dos Guararapes,2607901,city,139,19.79217,18,14,3,0.1007,702298,False,False
16,2020-04-17,9,PE,João Alfredo,2608107,city,4,11.82662,0,0,0,0.0,33822,False,False
16,2020-04-17,1,PE,Lagoa de Itaenga,2608503,city,1,4.66657,1,0,0,0.0,21429,False,False
16,2020-04-17,12,PE,Lagoa do Carro,2608453,city,2,11.06746,0,1,0,0.5,18071,False,False
16,2020-04-17,5,PE,Lagoa dos Gatos,2608701,city,1,6.13874,0,1,0,1.0,16290,False,False
16,2020-04-17,9,PE,Limoeiro,2608909,city,8,14.22222,2,3,0,0.375,56250,False,False
16,2020-04-17,11,PE,Macaparana,2609006,city,1,3.94073,0,1,0,1.0,25376,False,False
16,2020-04-17,6,PE,Machados,2609105,city,2,12.43163,0,0,0,0.0,16088,False,False
16,2020-04-17,11,PE,Moreno,2609402,city,6,9.55657,0,2,0,0.3333,62784,False,False
16,2020-04-17,27,PE,Olinda,2609600,city,185,47.13592,38,13,1,0.0703,392482,False,False
16,2020-04-17,19,PE,Palmares,2610004,city,4,6.32411,0,2,0,0.5,63250,False,False
16,2020-04-17,10,PE,Passira,2610509,city,1,3.45626,0,0,0,0.0,28933,False,False
16,2020-04-17,12,PE,Paudalho,2610608,city,10,17.69724,3,3,1,0.3,56506,False,False
16,2020-04-17,15,PE,Paulista,2610707,city,122,36.77202,24,4,0,0.0328,331774,False,False
16,2020-04-17,1,PE,Pesqueira,2610905,city,1,1.48379,1,0,0,0.0,67395,False,False
16,2020-04-17,26,PE,Petrolina,2611101,city,6,1.71848,0,0,0,0.0,349145,False,False
16,2020-04-17,9,PE,Pombos,2611309,city,4,14.76505,2,1,0,0.25,27091,False,False
16,2020-04-17,7,PE,Quipapá,2611507,city,1,3.84069,0,0,0,0.0,26037,False,False
16,2020-04-17,37,PE,Recife,2611606,city,1136,69.02724,178,85,15,0.0748,1645727,False,False
16,2020-04-17,3,PE,Ribeirão,2611804,city,1,2.10904,0,0,0,0.0,47415,False,False
16,2020-04-17,1,PE,Rio Formoso,2611903,city,1,4.24899,1,0,0,0.0,23535,False,False
16,2020-04-17,11,PE,Salgueiro,2612208,city,6,9.84737,0,0,0,0.0,60930,False,False
16,2020-04-17,1,PE,Sanharó,2612406,city,1,3.779,1,0,0,0.0,26462,False,False
16,2020-04-17,7,PE,Santa Cruz do Capibaribe,2612505,city,2,1.85293,1,0,0,0.0,107937,False,False
16,2020-04-17,7,PE,São Bento do Una,2613008,city,1,1.68056,0,0,0,0.0,59504,False,False
16,2020-04-17,8,PE,São Caitano,2613107,city,4,10.7397,3,0,0,0.0,37245,False,False
16,2020-04-17,6,PE,São José da Coroa Grande,2613404,city,1,4.69528,0,1,0,1.0,21298,False,False
16,2020-04-17,1,PE,São José do Egito,2613602,city,1,2.94542,1,0,0,0.0,33951,False,False
16,2020-04-17,21,PE,São Lourenço da Mata,2613701,city,61,53.87265,9,13,1,0.2131,113230,False,False
16,2020-04-17,1,PE,São Vicente Ferrer,2613800,city,1,5.55001,1,0,0,0.0,18018,False,False
16,2020-04-17,8,PE,Serra Talhada,2613909,city,4,4.63231,0,0,0,0.0,86350,False,False
16,2020-04-17,7,PE,Sertânia,2614105,city,1,2.78497,0,1,0,1.0,35907,False,False
16,2020-04-17,2,PE,Surubim,2614501,city,1,1.53636,0,0,0,0.0,65089,False,False
16,2020-04-17,11,PE,Timbaúba,2615300,city,4,7.54404,1,1,0,0.25,53022,False,False
16,2020-04-17,7,PE,Toritama,2615409,city,1,2.21146,0,0,0,0.0,45219,False,False
16,2020-04-17,7,PE,Tracunhaém,2615508,city,2,14.52538,0,0,0,0.0,13769,False,False
16,2020-04-17,3,PE,Triunfo,2615706,city,2,13.11132,0,0,0,0.0,15254,False,False
16,2020-04-17,1,PE,Vertentes,2616209,city,1,4.82369,1,0,0,0.0,20731,False,False
16,2020-04-17,11,PE,Vitória de Santo Antão,2616407,city,15,10.81027,4,4,2,0.2667,138757,False,False
16,2020-04-16,8,PE,Abreu e Lima,2600054,city,17,17.0017,2,0,0,0.0,99990,False,False
16,2020-04-16,16,PE,Aliança,2600708,city,5,13.02558,2,1,1,0.2,38386,False,False
16,2020-04-16,1,PE,Amaraji,2600906,city,1,4.38039,1,1,1,1.0,22829,False,False
16,2020-04-16,4,PE,Araçoiaba,2601052,city,2,9.74469,0,0,0,0.0,20524,False,False
16,2020-04-16,9,PE,Arcoverde,2601201,city,7,9.41645,3,2,1,0.2857,74338,False,False
16,2020-04-16,31,PE,Belo Jardim,2601706,city,2,2.61647,0,0,0,0.0,76439,False,False
16,2020-04-16,4,PE,Bezerros,2601904,city,1,1.64479,0,0,0,0.0,60798,False,False
16,2020-04-16,7,PE,Bom Conselho,2602100,city,2,4.11913,0,1,0,0.5,48554,False,False
16,2020-04-16,10,PE,Bom Jardim,2602209,city,3,7.65619,1,1,0,0.3333,39184,False,False
16,2020-04-16,14,PE,Cabo de Santo Agostinho,2602902,city,19,9.17662,1,9,1,0.4737,207048,False,False
16,2020-04-16,11,PE,Cachoeirinha,2603108,city,8,39.25417,0,0,0,0.0,20380,False,False
16,2020-04-16,21,PE,Camaragibe,2603454,city,63,39.91687,8,6,0,0.0952,157828,False,False
16,2020-04-16,8,PE,Capoeiras,2603801,city,1,4.98803,0,0,0,0.0,20048,False,False
16,2020-04-16,3,PE,Carnaíba,2603900,city,1,5.11483,0,1,0,1.0,19551,False,False
16,2020-04-16,8,PE,Carpina,2604007,city,2,2.39117,0,0,0,0.0,83641,False,False
16,2020-04-16,25,PE,Caruaru,2604106,city,10,2.76918,2,1,0,0.1,361118,False,False
16,2020-04-16,10,PE,Catende,2604205,city,2,4.66287,0,1,0,0.5,42892,False,False
16,2020-04-16,3,PE,Chã de Alegria,2604403,city,1,7.39754,0,0,0,0.0,13518,False,False
16,2020-04-16,5,PE,Chã Grande,2604502,city,3,13.82616,1,0,0,0.0,21698,False,False
16,2020-04-16,1,PE,Cupira,2605004,city,1,4.14817,1,0,0,0.0,24107,False,False
16,2020-04-16,1,PE,Escada,2605202,city,1,1.45191,1,0,0,0.0,68875,False,False
16,2020-04-16,1,PE,Feira Nova,2605400,city,2,9.0371,2,0,0,0.0,22131,False,False
16,2020-04-16,21,PE,Fernando de Noronha,2605459,city,24,784.0575,0,0,0,0.0,3061,False,False
16,2020-04-16,8,PE,Frei Miguelinho,2605806,city,1,6.46956,0,0,0,0.0,15457,False,False
16,2020-04-16,6,PE,Gameleira,2605905,city,1,3.2204,0,1,0,1.0,31052,False,False
16,2020-04-16,8,PE,Garanhuns,2606002,city,3,2.14611,0,1,0,0.3333,139788,False,False
16,2020-04-16,5,PE,Glória do Goitá,2606101,city,2,6.53509,0,0,0,0.0,30604,False,False
16,2020-04-16,21,PE,Goiana,2606200,city,5,6.26896,0,3,0,0.6,79758,False,False
16,2020-04-16,4,PE,Gravatá,2606408,city,1,1.18943,0,0,0,0.0,84074,False,False
16,2020-04-16,10,PE,Igarassu,2606804,city,13,11.10931,5,2,0,0.1538,117019,False,False
16,2020-04-16,3,PE,Ilha de Itamaracá,2607604,city,4,15.23345,1,0,0,0.0,26258,False,False
16,2020-04-16,34,PE,Importados/Indefinidos,,city,9,,-3,1,0,0.1111,,False,False
16,2020-04-16,7,PE,Ipojuca,2607208,city,7,7.2762,0,1,0,0.1429,96204,False,False
16,2020-04-16,17,PE,Ipubi,2607307,city,2,6.48214,0,0,0,0.0,30854,False,False
16,2020-04-16,5,PE,Itapissuma,2607752,city,2,7.50441,0,0,0,0.0,26651,False,False
16,2020-04-16,31,PE,Jaboatão dos Guararapes,2607901,city,121,17.22915,18,11,1,0.0909,702298,False,False
16,2020-04-16,8,PE,João Alfredo,2608107,city,4,11.82662,0,0,0,0.0,33822,False,False
16,2020-04-16,11,PE,Lagoa do Carro,2608453,city,2,11.06746,0,1,0,0.5,18071,False,False
16,2020-04-16,4,PE,Lagoa dos Gatos,2608701,city,1,6.13874,0,1,0,1.0,16290,False,False
16,2020-04-16,8,PE,Limoeiro,2608909,city,6,10.66667,1,3,0,0.5,56250,False,False
16,2020-04-16,10,PE,Macaparana,2609006,city,1,3.94073,0,1,0,1.0,25376,False,False
16,2020-04-16,5,PE,Machados,2609105,city,2,12.43163,0,0,0,0.0,16088,False,False
16,2020-04-16,10,PE,Moreno,2609402,city,6,9.55657,0,2,1,0.3333,62784,False,False
16,2020-04-16,26,PE,Olinda,2609600,city,147,37.45395,25,12,1,0.0816,392482,False,False
16,2020-04-16,18,PE,Palmares,2610004,city,4,6.32411,0,2,0,0.5,63250,False,False
16,2020-04-16,9,PE,Passira,2610509,city,1,3.45626,0,0,0,0.0,28933,False,False
16,2020-04-16,11,PE,Paudalho,2610608,city,7,12.38806,0,2,0,0.2857,56506,False,False
16,2020-04-16,14,PE,Paulista,2610707,city,98,29.53818,15,4,0,0.0408,331774,False,False
16,2020-04-16,25,PE,Petrolina,2611101,city,6,1.71848,0,0,0,0.0,349145,False,False
16,2020-04-16,8,PE,Pombos,2611309,city,2,7.38253,0,1,0,0.5,27091,False,False
16,2020-04-16,6,PE,Quipapá,2611507,city,1,3.84069,0,0,0,0.0,26037,False,False
16,2020-04-16,36,PE,Recife,2611606,city,958,58.21136,101,70,8,0.0731,1645727,False,False
16,2020-04-16,2,PE,Ribeirão,2611804,city,1,2.10904,0,0,0,0.0,47415,False,False
16,2020-04-16,10,PE,Salgueiro,2612208,city,6,9.84737,0,0,0,0.0,60930,False,False
16,2020-04-16,6,PE,Santa Cruz do Capibaribe,2612505,city,1,0.92647,0,0,0,0.0,107937,False,False
16,2020-04-16,6,PE,São Bento do Una,2613008,city,1,1.68056,0,0,0,0.0,59504,False,False
16,2020-04-16,7,PE,São Caitano,2613107,city,1,2.68492,0,0,0,0.0,37245,False,False
16,2020-04-16,5,PE,São José da Coroa Grande,2613404,city,1,4.69528,0,1,0,1.0,21298,False,False
16,2020-04-16,20,PE,São Lourenço da Mata,2613701,city,52,45.92423,6,12,1,0.2308,113230,False,False
16,2020-04-16,7,PE,Serra Talhada,2613909,city,4,4.63231,0,0,0,0.0,86350,False,False
16,2020-04-16,6,PE,Sertânia,2614105,city,1,2.78497,0,1,0,1.0,35907,False,False
16,2020-04-16,1,PE,Surubim,2614501,city,1,1.53636,1,0,0,0.0,65089,False,False
16,2020-04-16,10,PE,Timbaúba,2615300,city,3,5.65803,2,1,0,0.3333,53022,False,False
16,2020-04-16,6,PE,Toritama,2615409,city,1,2.21146,0,0,0,0.0,45219,False,False
16,2020-04-16,6,PE,Tracunhaém,2615508,city,2,14.52538,0,0,0,0.0,13769,False,False
16,2020-04-16,2,PE,Triunfo,2615706,city,2,13.11132,1,0,0,0.0,15254,False,False
16,2020-04-16,10,PE,Vitória de Santo Antão,2616407,city,11,7.92753,1,2,1,0.1818,138757,False,False
16,2020-04-15,7,PE,Abreu e Lima,2600054,city,15,15.0015,0,0,0,0.0,99990,False,False
16,2020-04-15,15,PE,Aliança,2600708,city,3,7.81535,0,0,0,0.0,38386,False,False
16,2020-04-15,3,PE,Araçoiaba,2601052,city,2,9.74469,0,0,0,0.0,20524,False,False
16,2020-04-15,8,PE,Arcoverde,2601201,city,4,5.38083,0,1,0,0.25,74338,False,False
16,2020-04-15,30,PE,Belo Jardim,2601706,city,2,2.61647,0,0,0,0.0,76439,False,False
16,2020-04-15,3,PE,Bezerros,2601904,city,1,1.64479,0,0,0,0.0,60798,False,False
16,2020-04-15,6,PE,Bom Conselho,2602100,city,2,4.11913,1,1,1,0.5,48554,False,False
16,2020-04-15,9,PE,Bom Jardim,2602209,city,2,5.10412,0,1,0,0.5,39184,False,False
16,2020-04-15,13,PE,Cabo de Santo Agostinho,2602902,city,18,8.69364,-1,8,1,0.4444,207048,False,False
16,2020-04-15,10,PE,Cachoeirinha,2603108,city,8,39.25417,0,0,0,0.0,20380,False,False
16,2020-04-15,20,PE,Camaragibe,2603454,city,55,34.84806,10,6,1,0.1091,157828,False,False
16,2020-04-15,7,PE,Capoeiras,2603801,city,1,4.98803,0,0,0,0.0,20048,False,False
16,2020-04-15,2,PE,Carnaíba,2603900,city,1,5.11483,0,1,0,1.0,19551,False,False
16,2020-04-15,7,PE,Carpina,2604007,city,2,2.39117,0,0,0,0.0,83641,False,False
16,2020-04-15,24,PE,Caruaru,2604106,city,8,2.21534,1,1,0,0.125,361118,False,False
16,2020-04-15,9,PE,Catende,2604205,city,2,4.66287,0,1,0,0.5,42892,False,False
16,2020-04-15,2,PE,Chã de Alegria,2604403,city,1,7.39754,0,0,0,0.0,13518,False,False
16,2020-04-15,4,PE,Chã Grande,2604502,city,2,9.21744,1,0,0,0.0,21698,False,False
16,2020-04-15,20,PE,Fernando de Noronha,2605459,city,24,784.0575,0,0,0,0.0,3061,False,False
16,2020-04-15,7,PE,Frei Miguelinho,2605806,city,1,6.46956,0,0,0,0.0,15457,False,False
16,2020-04-15,5,PE,Gameleira,2605905,city,1,3.2204,0,1,0,1.0,31052,False,False
16,2020-04-15,7,PE,Garanhuns,2606002,city,3,2.14611,1,1,0,0.3333,139788,False,False
16,2020-04-15,4,PE,Glória do Goitá,2606101,city,2,6.53509,1,0,0,0.0,30604,False,False
16,2020-04-15,20,PE,Goiana,2606200,city,5,6.26896,0,3,0,0.6,79758,False,False
16,2020-04-15,3,PE,Gravatá,2606408,city,1,1.18943,0,0,0,0.0,84074,False,False
16,2020-04-15,9,PE,Igarassu,2606804,city,8,6.8365,3,2,1,0.25,117019,False,False
16,2020-04-15,2,PE,Ilha de Itamaracá,2607604,city,3,11.42509,1,0,0,0.0,26258,False,False
16,2020-04-15,33,PE,Importados/Indefinidos,,city,12,,4,1,0,0.0833,,False,False
16,2020-04-15,6,PE,Ipojuca,2607208,city,7,7.2762,2,1,1,0.1429,96204,False,False
16,2020-04-15,16,PE,Ipubi,2607307,city,2,6.48214,0,0,0,0.0,30854,False,False
16,2020-04-15,4,PE,Itapissuma,2607752,city,2,7.50441,0,0,0,0.0,26651,False,False
16,2020-04-15,30,PE,Jaboatão dos Guararapes,2607901,city,103,14.66614,9,10,3,0.0971,702298,False,False
16,2020-04-15,7,PE,João Alfredo,2608107,city,4,11.82662,1,0,0,0.0,33822,False,False
16,2020-04-15,10,PE,Lagoa do Carro,2608453,city,2,11.06746,0,1,0,0.5,18071,False,False
16,2020-04-15,3,PE,Lagoa dos Gatos,2608701,city,1,6.13874,0,1,0,1.0,16290,False,False
16,2020-04-15,7,PE,Limoeiro,2608909,city,5,8.88889,2,3,2,0.6,56250,False,False
16,2020-04-15,9,PE,Macaparana,2609006,city,1,3.94073,0,1,0,1.0,25376,False,False
16,2020-04-15,4,PE,Machados,2609105,city,2,12.43163,0,0,0,0.0,16088,False,False
16,2020-04-15,9,PE,Moreno,2609402,city,6,9.55657,1,1,0,0.1667,62784,False,False
16,2020-04-15,25,PE,Olinda,2609600,city,122,31.08423,20,11,3,0.0902,392482,False,False
16,2020-04-15,17,PE,Palmares,2610004,city,4,6.32411,0,2,0,0.5,63250,False,False
16,2020-04-15,8,PE,Passira,2610509,city,1,3.45626,0,0,0,0.0,28933,False,False
16,2020-04-15,10,PE,Paudalho,2610608,city,7,12.38806,0,2,0,0.2857,56506,False,False
16,2020-04-15,13,PE,Paulista,2610707,city,83,25.01703,8,4,2,0.0482,331774,False,False
16,2020-04-15,24,PE,Petrolina,2611101,city,6,1.71848,0,0,0,0.0,349145,False,False
16,2020-04-15,7,PE,Pombos,2611309,city,2,7.38253,0,1,0,0.5,27091,False,False
16,2020-04-15,5,PE,Quipapá,2611507,city,1,3.84069,0,0,0,0.0,26037,False,False
16,2020-04-15,35,PE,Recife,2611606,city,857,52.07425,124,62,12,0.0723,1645727,False,False
16,2020-04-15,1,PE,Ribeirão,2611804,city,1,2.10904,1,0,0,0.0,47415,False,False
16,2020-04-15,9,PE,Salgueiro,2612208,city,6,9.84737,0,0,0,0.0,60930,False,False
16,2020-04-15,5,PE,Santa Cruz do Capibaribe,2612505,city,1,0.92647,0,0,0,0.0,107937,False,False
16,2020-04-15,5,PE,São Bento do Una,2613008,city,1,1.68056,0,0,0,0.0,59504,False,False
16,2020-04-15,6,PE,São Caitano,2613107,city,1,2.68492,0,0,0,0.0,37245,False,False
16,2020-04-15,4,PE,São José da Coroa Grande,2613404,city,1,4.69528,0,1,0,1.0,21298,False,False
16,2020-04-15,19,PE,São Lourenço da Mata,2613701,city,46,40.62528,3,11,1,0.2391,113230,False,False
16,2020-04-15,6,PE,Serra Talhada,2613909,city,4,4.63231,2,0,0,0.0,86350,False,False
16,2020-04-15,5,PE,Sertânia,2614105,city,1,2.78497,0,1,0,1.0,35907,False,False
16,2020-04-15,9,PE,Timbaúba,2615300,city,1,1.88601,0,1,0,1.0,53022,False,False
16,2020-04-15,5,PE,Toritama,2615409,city,1,2.21146,0,0,0,0.0,45219,False,False
16,2020-04-15,5,PE,Tracunhaém,2615508,city,2,14.52538,1,0,0,0.0,13769,False,False
16,2020-04-15,1,PE,Triunfo,2615706,city,1,6.55566,1,0,0,0.0,15254,False,False
16,2020-04-15,9,PE,Vitória de Santo Antão,2616407,city,10,7.20684,3,1,0,0.1,138757,False,False
16,2020-04-14,6,PE,Abreu e Lima,2600054,city,15,15.0015,2,0,0,0.0,99990,False,False
16,2020-04-14,14,PE,Aliança,2600708,city,3,7.81535,0,0,0,0.0,38386,False,False
16,2020-04-14,2,PE,Araçoiaba,2601052,city,2,9.74469,0,0,0,0.0,20524,False,False
16,2020-04-14,7,PE,Arcoverde,2601201,city,4,5.38083,0,1,0,0.25,74338,False,False
16,2020-04-14,29,PE,Belo Jardim,2601706,city,2,2.61647,0,0,0,0.0,76439,False,False
16,2020-04-14,2,PE,Bezerros,2601904,city,1,1.64479,0,0,0,0.0,60798,False,False
16,2020-04-14,5,PE,Bom Conselho,2602100,city,1,2.05956,0,0,0,0.0,48554,False,False
16,2020-04-14,8,PE,Bom Jardim,2602209,city,2,5.10412,0,1,0,0.5,39184,False,False
16,2020-04-14,12,PE,Cabo de Santo Agostinho,2602902,city,19,9.17662,4,7,2,0.3684,207048,False,False
16,2020-04-14,9,PE,Cachoeirinha,2603108,city,8,39.25417,0,0,0,0.0,20380,False,False
16,2020-04-14,19,PE,Camaragibe,2603454,city,45,28.51205,8,5,1,0.1111,157828,False,False
16,2020-04-14,6,PE,Capoeiras,2603801,city,1,4.98803,0,0,0,0.0,20048,False,False
16,2020-04-14,1,PE,Carnaíba,2603900,city,1,5.11483,1,1,1,1.0,19551,False,False
16,2020-04-14,6,PE,Carpina,2604007,city,2,2.39117,0,0,0,0.0,83641,False,False
16,2020-04-14,23,PE,Caruaru,2604106,city,7,1.93842,0,1,0,0.1429,361118,False,False
16,2020-04-14,8,PE,Catende,2604205,city,2,4.66287,0,1,0,0.5,42892,False,False
16,2020-04-14,1,PE,Chã de Alegria,2604403,city,1,7.39754,1,0,0,0.0,13518,False,False
16,2020-04-14,3,PE,Chã Grande,2604502,city,1,4.60872,0,0,0,0.0,21698,False,False
16,2020-04-14,19,PE,Fernando de Noronha,2605459,city,24,784.0575,0,0,0,0.0,3061,False,False
16,2020-04-14,6,PE,Frei Miguelinho,2605806,city,1,6.46956,0,0,0,0.0,15457,False,False
16,2020-04-14,4,PE,Gameleira,2605905,city,1,3.2204,0,1,0,1.0,31052,False,False
16,2020-04-14,6,PE,Garanhuns,2606002,city,2,1.43074,0,1,0,0.5,139788,False,False
16,2020-04-14,3,PE,Glória do Goitá,2606101,city,1,3.26755,0,0,0,0.0,30604,False,False
16,2020-04-14,19,PE,Goiana,2606200,city,5,6.26896,0,3,0,0.6,79758,False,False
16,2020-04-14,2,PE,Gravatá,2606408,city,1,1.18943,0,0,0,0.0,84074,False,False
16,2020-04-14,8,PE,Igarassu,2606804,city,5,4.27281,2,1,0,0.2,117019,False,False
16,2020-04-14,1,PE,Ilha de Itamaracá,2607604,city,2,7.61673,2,0,0,0.0,26258,False,False
16,2020-04-14,32,PE,Importados/Indefinidos,,city,8,,0,1,0,0.125,,False,False
16,2020-04-14,5,PE,Ipojuca,2607208,city,5,5.19729,0,0,0,0.0,96204,False,False
16,2020-04-14,15,PE,Ipubi,2607307,city,2,6.48214,0,0,0,0.0,30854,False,False
16,2020-04-14,3,PE,Itapissuma,2607752,city,2,7.50441,0,0,0,0.0,26651,False,False
16,2020-04-14,29,PE,Jaboatão dos Guararapes,2607901,city,94,13.38463,15,7,1,0.0745,702298,False,False
16,2020-04-14,6,PE,João Alfredo,2608107,city,3,8.86997,0,0,0,0.0,33822,False,False
16,2020-04-14,9,PE,Lagoa do Carro,2608453,city,2,11.06746,0,1,0,0.5,18071,False,False
16,2020-04-14,2,PE,Lagoa dos Gatos,2608701,city,1,6.13874,0,1,0,1.0,16290,False,False
16,2020-04-14,6,PE,Limoeiro,2608909,city,3,5.33333,1,1,0,0.3333,56250,False,False
16,2020-04-14,8,PE,Macaparana,2609006,city,1,3.94073,0,1,0,1.0,25376,False,False
16,2020-04-14,3,PE,Machados,2609105,city,2,12.43163,0,0,0,0.0,16088,False,False
16,2020-04-14,8,PE,Moreno,2609402,city,5,7.96381,1,1,1,0.2,62784,False,False
16,2020-04-14,24,PE,Olinda,2609600,city,102,25.98845,11,8,1,0.0784,392482,False,False
16,2020-04-14,16,PE,Palmares,2610004,city,4,6.32411,0,2,0,0.5,63250,False,False
16,2020-04-14,7,PE,Passira,2610509,city,1,3.45626,0,0,0,0.0,28933,False,False
16,2020-04-14,9,PE,Paudalho,2610608,city,7,12.38806,0,2,0,0.2857,56506,False,False
16,2020-04-14,12,PE,Paulista,2610707,city,75,22.60575,8,2,0,0.0267,331774,False,False
16,2020-04-14,23,PE,Petrolina,2611101,city,6,1.71848,1,0,0,0.0,349145,False,False
16,2020-04-14,6,PE,Pombos,2611309,city,2,7.38253,0,1,0,0.5,27091,False,False
16,2020-04-14,4,PE,Quipapá,2611507,city,1,3.84069,0,0,0,0.0,26037,False,False
16,2020-04-14,34,PE,Recife,2611606,city,733,44.53959,61,50,4,0.0682,1645727,False,False
16,2020-04-14,8,PE,Salgueiro,2612208,city,6,9.84737,1,0,0,0.0,60930,False,False
16,2020-04-14,4,PE,Santa Cruz do Capibaribe,2612505,city,1,0.92647,0,0,0,0.0,107937,False,False
16,2020-04-14,4,PE,São Bento do Una,2613008,city,1,1.68056,0,0,0,0.0,59504,False,False
16,2020-04-14,5,PE,São Caitano,2613107,city,1,2.68492,0,0,0,0.0,37245,False,False
16,2020-04-14,3,PE,São José da Coroa Grande,2613404,city,1,4.69528,0,1,0,1.0,21298,False,False
16,2020-04-14,18,PE,São Lourenço da Mata,2613701,city,43,37.9758,10,10,1,0.2326,113230,False,False
16,2020-04-14,5,PE,Serra Talhada,2613909,city,2,2.31616,0,0,0,0.0,86350,False,False
16,2020-04-14,4,PE,Sertânia,2614105,city,1,2.78497,0,1,0,1.0,35907,False,False
16,2020-04-14,8,PE,Timbaúba,2615300,city,1,1.88601,0,1,1,1.0,53022,False,False
16,2020-04-14,4,PE,Toritama,2615409,city,1,2.21146,0,0,0,0.0,45219,False,False
16,2020-04-14,4,PE,Tracunhaém,2615508,city,1,7.26269,0,0,0,0.0,13769,False,False
16,2020-04-14,8,PE,Vitória de Santo Antão,2616407,city,7,5.04479,1,1,0,0.1429,138757,False,False
16,2020-04-13,5,PE,Abreu e Lima,2600054,city,13,13.0013,3,0,0,0.0,99990,False,False
16,2020-04-13,13,PE,Aliança,2600708,city,3,7.81535,1,0,0,0.0,38386,False,False
16,2020-04-13,1,PE,Araçoiaba,2601052,city,2,9.74469,2,0,0,0.0,20524,False,False
16,2020-04-13,6,PE,Arcoverde,2601201,city,4,5.38083,1,1,0,0.25,74338,False,False
16,2020-04-13,28,PE,Belo Jardim,2601706,city,2,2.61647,0,0,0,0.0,76439,False,False
16,2020-04-13,1,PE,Bezerros,2601904,city,1,1.64479,1,0,0,0.0,60798,False,False
16,2020-04-13,4,PE,Bom Conselho,2602100,city,1,2.05956,0,0,0,0.0,48554,False,False
16,2020-04-13,7,PE,Bom Jardim,2602209,city,2,5.10412,1,1,0,0.5,39184,False,False
16,2020-04-13,11,PE,Cabo de Santo Agostinho,2602902,city,15,7.2447,0,5,0,0.3333,207048,False,False
16,2020-04-13,8,PE,Cachoeirinha,2603108,city,8,39.25417,1,0,0,0.0,20380,False,False
16,2020-04-13,18,PE,Camaragibe,2603454,city,37,23.44324,4,4,0,0.1081,157828,False,False
16,2020-04-13,5,PE,Capoeiras,2603801,city,1,4.98803,0,0,0,0.0,20048,False,False
16,2020-04-13,5,PE,Carpina,2604007,city,2,2.39117,0,0,0,0.0,83641,False,False
16,2020-04-13,22,PE,Caruaru,2604106,city,7,1.93842,0,1,0,0.1429,361118,False,False
16,2020-04-13,7,PE,Catende,2604205,city,2,4.66287,0,1,0,0.5,42892,False,False
16,2020-04-13,2,PE,Chã Grande,2604502,city,1,4.60872,0,0,0,0.0,21698,False,False
16,2020-04-13,18,PE,Fernando de Noronha,2605459,city,24,784.0575,0,0,0,0.0,3061,False,False
16,2020-04-13,5,PE,Frei Miguelinho,2605806,city,1,6.46956,0,0,0,0.0,15457,False,False
16,2020-04-13,3,PE,Gameleira,2605905,city,1,3.2204,0,1,0,1.0,31052,False,False
16,2020-04-13,5,PE,Garanhuns,2606002,city,2,1.43074,0,1,0,0.5,139788,False,False
16,2020-04-13,2,PE,Glória do Goitá,2606101,city,1,3.26755,0,0,0,0.0,30604,False,False
16,2020-04-13,18,PE,Goiana,2606200,city,5,6.26896,-1,3,0,0.6,79758,False,False
16,2020-04-13,1,PE,Gravatá,2606408,city,1,1.18943,1,0,0,0.0,84074,False,False
16,2020-04-13,7,PE,Igarassu,2606804,city,3,2.56369,0,1,0,0.3333,117019,False,False
16,2020-04-13,31,PE,Importados/Indefinidos,,city,8,,0,1,0,0.125,,False,False
16,2020-04-13,4,PE,Ipojuca,2607208,city,5,5.19729,0,0,0,0.0,96204,False,False
16,2020-04-13,14,PE,Ipubi,2607307,city,2,6.48214,0,0,0,0.0,30854,False,False
16,2020-04-13,2,PE,Itapissuma,2607752,city,2,7.50441,1,0,0,0.0,26651,False,False
16,2020-04-13,28,PE,Jaboatão dos Guararapes,2607901,city,79,11.24879,12,6,1,0.0759,702298,False,False
16,2020-04-13,5,PE,João Alfredo,2608107,city,3,8.86997,1,0,0,0.0,33822,False,False
16,2020-04-13,8,PE,Lagoa do Carro,2608453,city,2,11.06746,0,1,0,0.5,18071,False,False
16,2020-04-13,1,PE,Lagoa dos Gatos,2608701,city,1,6.13874,1,1,1,1.0,16290,False,False
16,2020-04-13,5,PE,Limoeiro,2608909,city,2,3.55556,0,1,0,0.5,56250,False,False
16,2020-04-13,7,PE,Macaparana,2609006,city,1,3.94073,0,1,0,1.0,25376,False,False
16,2020-04-13,2,PE,Machados,2609105,city,2,12.43163,1,0,0,0.0,16088,False,False
16,2020-04-13,7,PE,Moreno,2609402,city,4,6.37105,2,0,0,0.0,62784,False,False
16,2020-04-13,23,PE,Olinda,2609600,city,91,23.18578,19,7,1,0.0769,392482,False,False
16,2020-04-13,15,PE,Palmares,2610004,city,4,6.32411,0,2,0,0.5,63250,False,False
16,2020-04-13,6,PE,Passira,2610509,city,1,3.45626,0,0,0,0.0,28933,False,False
16,2020-04-13,8,PE,Paudalho,2610608,city,7,12.38806,1,2,1,0.2857,56506,False,False
16,2020-04-13,11,PE,Paulista,2610707,city,67,20.19447,20,2,2,0.0299,331774,False,False
16,2020-04-13,22,PE,Petrolina,2611101,city,5,1.43207,1,0,0,0.0,349145,False,False
16,2020-04-13,5,PE,Pombos,2611309,city,2,7.38253,1,1,1,0.5,27091,False,False
16,2020-04-13,3,PE,Quipapá,2611507,city,1,3.84069,0,0,0,0.0,26037,False,False
16,2020-04-13,33,PE,Recife,2611606,city,672,40.83302,115,46,9,0.0685,1645727,False,False
16,2020-04-13,7,PE,Salgueiro,2612208,city,5,8.20614,1,0,0,0.0,60930,False,False
16,2020-04-13,3,PE,Santa Cruz do Capibaribe,2612505,city,1,0.92647,0,0,0,0.0,107937,False,False
16,2020-04-13,3,PE,São Bento do Una,2613008,city,1,1.68056,0,0,0,0.0,59504,False,False
16,2020-04-13,4,PE,São Caitano,2613107,city,1,2.68492,0,0,0,0.0,37245,False,False
16,2020-04-13,2,PE,São José da Coroa Grande,2613404,city,1,4.69528,0,1,1,1.0,21298,False,False
16,2020-04-13,17,PE,São Lourenço da Mata,2613701,city,33,29.14422,2,9,0,0.2727,113230,False,False
16,2020-04-13,4,PE,Serra Talhada,2613909,city,2,2.31616,1,0,0,0.0,86350,False,False
16,2020-04-13,3,PE,Sertânia,2614105,city,1,2.78497,0,1,0,1.0,35907,False,False
16,2020-04-13,7,PE,Timbaúba,2615300,city,1,1.88601,0,0,0,0.0,53022,False,False
16,2020-04-13,3,PE,Toritama,2615409,city,1,2.21146,0,0,0,0.0,45219,False,False
16,2020-04-13,3,PE,Tracunhaém,2615508,city,1,7.26269,0,0,0,0.0,13769,False,False
16,2020-04-13,7,PE,Vitória de Santo Antão,2616407,city,6,4.32411,1,1,0,0.1667,138757,False,False
16,2020-04-12,4,PE,Abreu e Lima,2600054,city,10,10.001,5,0,0,0.0,99990,False,False
16,2020-04-12,12,PE,Aliança,2600708,city,2,5.21023,0,0,0,0.0,38386,False,False
16,2020-04-12,5,PE,Arcoverde,2601201,city,3,4.03562,0,1,0,0.3333,74338,False,False
16,2020-04-12,27,PE,Belo Jardim,2601706,city,2,2.61647,0,0,0,0.0,76439,False,False
16,2020-04-12,3,PE,Bom Conselho,2602100,city,1,2.05956,0,0,0,0.0,48554,False,False
16,2020-04-12,6,PE,Bom Jardim,2602209,city,1,2.55206,0,1,0,1.0,39184,False,False
16,2020-04-12,10,PE,Cabo de Santo Agostinho,2602902,city,15,7.2447,1,5,1,0.3333,207048,False,False
16,2020-04-12,7,PE,Cachoeirinha,2603108,city,7,34.3474,2,0,0,0.0,20380,False,False
16,2020-04-12,17,PE,Camaragibe,2603454,city,33,20.90884,5,4,1,0.1212,157828,False,False
16,2020-04-12,4,PE,Capoeiras,2603801,city,1,4.98803,0,0,0,0.0,20048,False,False
16,2020-04-12,4,PE,Carpina,2604007,city,2,2.39117,0,0,0,0.0,83641,False,False
16,2020-04-12,21,PE,Caruaru,2604106,city,7,1.93842,1,1,0,0.1429,361118,False,False
16,2020-04-12,6,PE,Catende,2604205,city,2,4.66287,0,1,0,0.5,42892,False,False
16,2020-04-12,1,PE,Chã Grande,2604502,city,1,4.60872,1,0,0,0.0,21698,False,False
16,2020-04-12,17,PE,Fernando de Noronha,2605459,city,24,784.0575,10,0,0,0.0,3061,False,False
16,2020-04-12,4,PE,Frei Miguelinho,2605806,city,1,6.46956,0,0,0,0.0,15457,False,False
16,2020-04-12,2,PE,Gameleira,2605905,city,1,3.2204,0,1,0,1.0,31052,False,False
16,2020-04-12,4,PE,Garanhuns,2606002,city,2,1.43074,0,1,0,0.5,139788,False,False
16,2020-04-12,1,PE,Glória do Goitá,2606101,city,1,3.26755,1,0,0,0.0,30604,False,False
16,2020-04-12,17,PE,Goiana,2606200,city,6,7.52276,2,3,1,0.5,79758,False,False
16,2020-04-12,6,PE,Igarassu,2606804,city,3,2.56369,0,1,0,0.3333,117019,False,False
16,2020-04-12,30,PE,Importados/Indefinidos,,city,8,,0,1,0,0.125,,False,False
16,2020-04-12,3,PE,Ipojuca,2607208,city,5,5.19729,2,0,0,0.0,96204,False,False
16,2020-04-12,13,PE,Ipubi,2607307,city,2,6.48214,1,0,0,0.0,30854,False,False
16,2020-04-12,1,PE,Itapissuma,2607752,city,1,3.7522,1,0,0,0.0,26651,False,False
16,2020-04-12,27,PE,Jaboatão dos Guararapes,2607901,city,67,9.54011,10,5,2,0.0746,702298,False,False
16,2020-04-12,4,PE,João Alfredo,2608107,city,2,5.91331,1,0,0,0.0,33822,False,False
16,2020-04-12,7,PE,Lagoa do Carro,2608453,city,2,11.06746,0,1,0,0.5,18071,False,False
16,2020-04-12,4,PE,Limoeiro,2608909,city,2,3.55556,1,1,1,0.5,56250,False,False
16,2020-04-12,6,PE,Macaparana,2609006,city,1,3.94073,0,1,0,1.0,25376,False,False
16,2020-04-12,1,PE,Machados,2609105,city,1,6.21581,1,0,0,0.0,16088,False,False
16,2020-04-12,6,PE,Moreno,2609402,city,2,3.18552,0,0,0,0.0,62784,False,False
16,2020-04-12,22,PE,Olinda,2609600,city,72,18.34479,15,6,0,0.0833,392482,False,False
16,2020-04-12,14,PE,Palmares,2610004,city,4,6.32411,1,2,1,0.5,63250,False,False
16,2020-04-12,5,PE,Passira,2610509,city,1,3.45626,0,0,0,0.0,28933,False,False
16,2020-04-12,7,PE,Paudalho,2610608,city,6,10.61834,0,1,0,0.1667,56506,False,False
16,2020-04-12,10,PE,Paulista,2610707,city,47,14.16627,7,0,0,0.0,331774,False,False
16,2020-04-12,21,PE,Petrolina,2611101,city,4,1.14566,0,0,0,0.0,349145,False,False
16,2020-04-12,4,PE,Pombos,2611309,city,1,3.69126,0,0,0,0.0,27091,False,False
16,2020-04-12,2,PE,Quipapá,2611507,city,1,3.84069,0,0,0,0.0,26037,False,False
16,2020-04-12,32,PE,Recife,2611606,city,557,33.84522,71,37,3,0.0664,1645727,False,False
16,2020-04-12,6,PE,Salgueiro,2612208,city,4,6.56491,0,0,0,0.0,60930,False,False
16,2020-04-12,2,PE,Santa Cruz do Capibaribe,2612505,city,1,0.92647,0,0,0,0.0,107937,False,False
16,2020-04-12,2,PE,São Bento do Una,2613008,city,1,1.68056,0,0,0,0.0,59504,False,False
16,2020-04-12,3,PE,São Caitano,2613107,city,1,2.68492,0,0,0,0.0,37245,False,False
16,2020-04-12,1,PE,São José da Coroa Grande,2613404,city,1,4.69528,1,0,0,0.0,21298,False,False
16,2020-04-12,16,PE,São Lourenço da Mata,2613701,city,31,27.3779,3,9,2,0.2903,113230,False,False
16,2020-04-12,3,PE,Serra Talhada,2613909,city,1,1.15808,0,0,0,0.0,86350,False,False
16,2020-04-12,2,PE,Sertânia,2614105,city,1,2.78497,0,1,0,1.0,35907,False,False
16,2020-04-12,6,PE,Timbaúba,2615300,city,1,1.88601,0,0,0,0.0,53022,False,False
16,2020-04-12,2,PE,Toritama,2615409,city,1,2.21146,0,0,0,0.0,45219,False,False
16,2020-04-12,2,PE,Tracunhaém,2615508,city,1,7.26269,0,0,0,0.0,13769,False,False
16,2020-04-12,6,PE,Vitória de Santo Antão,2616407,city,5,3.60342,1,1,1,0.2,138757,False,False
15,2020-04-11,3,PE,Abreu e Lima,2600054,city,5,5.0005,4,0,0,0.0,99990,False,False
15,2020-04-11,11,PE,Aliança,2600708,city,2,5.21023,0,0,0,0.0,38386,False,False
15,2020-04-11,4,PE,Arcoverde,2601201,city,3,4.03562,0,1,0,0.3333,74338,False,False
15,2020-04-11,26,PE,Belo Jardim,2601706,city,2,2.61647,1,0,0,0.0,76439,False,False
15,2020-04-11,2,PE,Bom Conselho,2602100,city,1,2.05956,0,0,0,0.0,48554,False,False
15,2020-04-11,5,PE,Bom Jardim,2602209,city,1,2.55206,0,1,0,1.0,39184,False,False
15,2020-04-11,9,PE,Cabo de Santo Agostinho,2602902,city,14,6.76172,1,4,0,0.2857,207048,False,False
15,2020-04-11,6,PE,Cachoeirinha,2603108,city,5,24.53386,4,0,0,0.0,20380,False,False
15,2020-04-11,16,PE,Camaragibe,2603454,city,28,17.74083,4,3,0,0.1071,157828,False,False
15,2020-04-11,3,PE,Capoeiras,2603801,city,1,4.98803,0,0,0,0.0,20048,False,False
15,2020-04-11,3,PE,Carpina,2604007,city,2,2.39117,0,0,0,0.0,83641,False,False
15,2020-04-11,20,PE,Caruaru,2604106,city,6,1.66151,0,1,0,0.1667,361118,False,False
15,2020-04-11,5,PE,Catende,2604205,city,2,4.66287,0,1,0,0.5,42892,False,False
15,2020-04-11,16,PE,Fernando de Noronha,2605459,city,14,457.36687,0,0,0,0.0,3061,False,False
15,2020-04-11,3,PE,Frei Miguelinho,2605806,city,1,6.46956,0,0,0,0.0,15457,False,False
15,2020-04-11,1,PE,Gameleira,2605905,city,1,3.2204,1,1,1,1.0,31052,False,False
15,2020-04-11,3,PE,Garanhuns,2606002,city,2,1.43074,1,1,0,0.5,139788,False,False
15,2020-04-11,16,PE,Goiana,2606200,city,4,5.01517,1,2,0,0.5,79758,False,False
15,2020-04-11,5,PE,Igarassu,2606804,city,3,2.56369,1,1,0,0.3333,117019,False,False
15,2020-04-11,29,PE,Importados/Indefinidos,,city,8,,0,1,0,0.125,,False,False
15,2020-04-11,2,PE,Ipojuca,2607208,city,3,3.11837,2,0,0,0.0,96204,False,False
15,2020-04-11,12,PE,Ipubi,2607307,city,1,3.24107,0,0,0,0.0,30854,False,False
15,2020-04-11,26,PE,Jaboatão dos Guararapes,2607901,city,57,8.11621,6,3,1,0.0526,702298,False,False
15,2020-04-11,3,PE,João Alfredo,2608107,city,1,2.95666,0,0,0,0.0,33822,False,False
15,2020-04-11,6,PE,Lagoa do Carro,2608453,city,2,11.06746,0,1,0,0.5,18071,False,False
15,2020-04-11,3,PE,Limoeiro,2608909,city,1,1.77778,0,0,0,0.0,56250,False,False
15,2020-04-11,5,PE,Macaparana,2609006,city,1,3.94073,0,1,0,1.0,25376,False,False
15,2020-04-11,5,PE,Moreno,2609402,city,2,3.18552,0,0,0,0.0,62784,False,False
15,2020-04-11,21,PE,Olinda,2609600,city,57,14.52296,13,6,1,0.1053,392482,False,False
15,2020-04-11,13,PE,Palmares,2610004,city,3,4.74308,0,1,0,0.3333,63250,False,False
15,2020-04-11,4,PE,Passira,2610509,city,1,3.45626,0,0,0,0.0,28933,False,False
15,2020-04-11,6,PE,Paudalho,2610608,city,6,10.61834,0,1,0,0.1667,56506,False,False
15,2020-04-11,9,PE,Paulista,2610707,city,40,12.0564,6,0,0,0.0,331774,False,False
15,2020-04-11,20,PE,Petrolina,2611101,city,4,1.14566,0,0,0,0.0,349145,False,False
15,2020-04-11,3,PE,Pombos,2611309,city,1,3.69126,0,0,0,0.0,27091,False,False
15,2020-04-11,1,PE,Quipapá,2611507,city,1,3.84069,1,0,0,0.0,26037,False,False
15,2020-04-11,31,PE,Recife,2611606,city,486,29.53102,73,34,2,0.07,1645727,False,False
15,2020-04-11,5,PE,Salgueiro,2612208,city,4,6.56491,0,0,0,0.0,60930,False,False
15,2020-04-11,1,PE,Santa Cruz do Capibaribe,2612505,city,1,0.92647,1,0,0,0.0,107937,False,False
15,2020-04-11,1,PE,São Bento do Una,2613008,city,1,1.68056,1,0,0,0.0,59504,False,False
15,2020-04-11,2,PE,São Caitano,2613107,city,1,2.68492,0,0,0,0.0,37245,False,False
15,2020-04-11,15,PE,São Lourenço da Mata,2613701,city,28,24.72843,7,7,1,0.25,113230,False,False
15,2020-04-11,2,PE,Serra Talhada,2613909,city,1,1.15808,0,0,0,0.0,86350,False,False
15,2020-04-11,1,PE,Sertânia,2614105,city,1,2.78497,1,1,1,1.0,35907,False,False
15,2020-04-11,5,PE,Timbaúba,2615300,city,1,1.88601,0,0,0,0.0,53022,False,False
15,2020-04-11,1,PE,Toritama,2615409,city,1,2.21146,1,0,0,0.0,45219,False,False
15,2020-04-11,1,PE,Tracunhaém,2615508,city,1,7.26269,1,0,0,0.0,13769,False,False
15,2020-04-11,5,PE,Vitória de Santo Antão,2616407,city,4,2.88274,1,0,0,0.0,138757,False,False
15,2020-04-10,2,PE,Abreu e Lima,2600054,city,1,1.0001,0,0,0,0.0,99990,False,False
15,2020-04-10,10,PE,Aliança,2600708,city,2,5.21023,0,0,0,0.0,38386,False,False
15,2020-04-10,3,PE,Arcoverde,2601201,city,3,4.03562,0,1,1,0.3333,74338,False,False
15,2020-04-10,25,PE,Belo Jardim,2601706,city,1,1.30823,0,0,0,0.0,76439,False,False
15,2020-04-10,1,PE,Bom Conselho,2602100,city,1,2.05956,1,0,0,0.0,48554,False,False
15,2020-04-10,4,PE,Bom Jardim,2602209,city,1,2.55206,0,1,0,1.0,39184,False,False
15,2020-04-10,8,PE,Cabo de Santo Agostinho,2602902,city,13,6.27874,1,4,0,0.3077,207048,False,False
15,2020-04-10,5,PE,Cachoeirinha,2603108,city,1,4.90677,0,0,0,0.0,20380,False,False
15,2020-04-10,15,PE,Camaragibe,2603454,city,24,15.20643,4,3,1,0.125,157828,False,False
15,2020-04-10,2,PE,Capoeiras,2603801,city,1,4.98803,0,0,0,0.0,20048,False,False
15,2020-04-10,2,PE,Carpina,2604007,city,2,2.39117,0,0,0,0.0,83641,False,False
15,2020-04-10,19,PE,Caruaru,2604106,city,6,1.66151,1,1,1,0.1667,361118,False,False
15,2020-04-10,4,PE,Catende,2604205,city,2,4.66287,0,1,0,0.5,42892,False,False
15,2020-04-10,15,PE,Fernando de Noronha,2605459,city,14,457.36687,0,0,0,0.0,3061,False,False
15,2020-04-10,2,PE,Frei Miguelinho,2605806,city,1,6.46956,0,0,0,0.0,15457,False,False
15,2020-04-10,2,PE,Garanhuns,2606002,city,1,0.71537,0,1,0,1.0,139788,False,False
15,2020-04-10,15,PE,Goiana,2606200,city,3,3.76138,0,2,0,0.6667,79758,False,False
15,2020-04-10,4,PE,Igarassu,2606804,city,2,1.70912,1,1,1,0.5,117019,False,False
15,2020-04-10,28,PE,Importados/Indefinidos,,city,8,,1,1,0,0.125,,False,False
15,2020-04-10,1,PE,Ipojuca,2607208,city,1,1.03946,1,0,0,0.0,96204,False,False
15,2020-04-10,11,PE,Ipubi,2607307,city,1,3.24107,0,0,0,0.0,30854,False,False
15,2020-04-10,25,PE,Jaboatão dos Guararapes,2607901,city,51,7.26187,16,2,0,0.0392,702298,False,False
15,2020-04-10,2,PE,João Alfredo,2608107,city,1,2.95666,0,0,0,0.0,33822,False,False
15,2020-04-10,5,PE,Lagoa do Carro,2608453,city,2,11.06746,1,1,0,0.5,18071,False,False
15,2020-04-10,2,PE,Limoeiro,2608909,city,1,1.77778,0,0,0,0.0,56250,False,False
15,2020-04-10,4,PE,Macaparana,2609006,city,1,3.94073,0,1,0,1.0,25376,False,False
15,2020-04-10,4,PE,Moreno,2609402,city,2,3.18552,0,0,0,0.0,62784,False,False
15,2020-04-10,20,PE,Olinda,2609600,city,44,11.21071,12,5,0,0.1136,392482,False,False
15,2020-04-10,12,PE,Palmares,2610004,city,3,4.74308,0,1,0,0.3333,63250,False,False
15,2020-04-10,3,PE,Passira,2610509,city,1,3.45626,0,0,0,0.0,28933,False,False
15,2020-04-10,5,PE,Paudalho,2610608,city,6,10.61834,2,1,0,0.1667,56506,False,False
15,2020-04-10,8,PE,Paulista,2610707,city,34,10.24794,11,0,0,0.0,331774,False,False
15,2020-04-10,19,PE,Petrolina,2611101,city,4,1.14566,0,0,0,0.0,349145,False,False
15,2020-04-10,2,PE,Pombos,2611309,city,1,3.69126,0,0,0,0.0,27091,False,False
15,2020-04-10,30,PE,Recife,2611606,city,413,25.09529,73,32,5,0.0775,1645727,False,False
15,2020-04-10,4,PE,Salgueiro,2612208,city,4,6.56491,1,0,0,0.0,60930,False,False
15,2020-04-10,1,PE,São Caitano,2613107,city,1,2.68492,1,0,0,0.0,37245,False,False
15,2020-04-10,14,PE,São Lourenço da Mata,2613701,city,21,18.54632,1,6,0,0.2857,113230,False,False
15,2020-04-10,1,PE,Serra Talhada,2613909,city,1,1.15808,1,0,0,0.0,86350,False,False
15,2020-04-10,4,PE,Timbaúba,2615300,city,1,1.88601,0,0,0,0.0,53022,False,False
15,2020-04-10,4,PE,Vitória de Santo Antão,2616407,city,3,2.16205,0,0,0,0.0,138757,False,False
15,2020-04-09,1,PE,Abreu e Lima,2600054,city,1,1.0001,1,0,0,0.0,99990,False,False
15,2020-04-09,9,PE,Aliança,2600708,city,2,5.21023,1,0,0,0.0,38386,False,False
15,2020-04-09,2,PE,Arcoverde,2601201,city,3,4.03562,2,0,0,0.0,74338,False,False
15,2020-04-09,24,PE,Belo Jardim,2601706,city,1,1.30823,0,0,0,0.0,76439,False,False
15,2020-04-09,3,PE,Bom Jardim,2602209,city,1,2.55206,0,1,0,1.0,39184,False,False
15,2020-04-09,7,PE,Cabo de Santo Agostinho,2602902,city,12,5.79576,4,4,2,0.3333,207048,False,False
15,2020-04-09,4,PE,Cachoeirinha,2603108,city,1,4.90677,0,0,0,0.0,20380,False,False
15,2020-04-09,14,PE,Camaragibe,2603454,city,20,12.67202,7,2,0,0.1,157828,False,False
15,2020-04-09,1,PE,Capoeiras,2603801,city,1,4.98803,1,0,0,0.0,20048,False,False
15,2020-04-09,1,PE,Carpina,2604007,city,2,2.39117,2,0,0,0.0,83641,False,False
15,2020-04-09,18,PE,Caruaru,2604106,city,5,1.38459,2,0,0,0.0,361118,False,False
15,2020-04-09,3,PE,Catende,2604205,city,2,4.66287,1,1,0,0.5,42892,False,False
15,2020-04-09,14,PE,Fernando de Noronha,2605459,city,14,457.36687,0,0,0,0.0,3061,False,False
15,2020-04-09,1,PE,Frei Miguelinho,2605806,city,1,6.46956,1,0,0,0.0,15457,False,False
15,2020-04-09,1,PE,Garanhuns,2606002,city,1,0.71537,1,1,1,1.0,139788,False,False
15,2020-04-09,14,PE,Goiana,2606200,city,3,3.76138,1,2,0,0.6667,79758,False,False
15,2020-04-09,3,PE,Igarassu,2606804,city,1,0.85456,0,0,0,0.0,117019,False,False
15,2020-04-09,27,PE,Importados/Indefinidos,,city,7,,0,1,0,0.1429,,False,False
15,2020-04-09,10,PE,Ipubi,2607307,city,1,3.24107,0,0,0,0.0,30854,False,False
15,2020-04-09,24,PE,Jaboatão dos Guararapes,2607901,city,35,4.98364,9,2,0,0.0571,702298,False,False
15,2020-04-09,1,PE,João Alfredo,2608107,city,1,2.95666,1,0,0,0.0,33822,False,False
15,2020-04-09,4,PE,Lagoa do Carro,2608453,city,1,5.53373,0,1,0,1.0,18071,False,False
15,2020-04-09,1,PE,Limoeiro,2608909,city,1,1.77778,1,0,0,0.0,56250,False,False
15,2020-04-09,3,PE,Macaparana,2609006,city,1,3.94073,0,1,0,1.0,25376,False,False
15,2020-04-09,3,PE,Moreno,2609402,city,2,3.18552,0,0,0,0.0,62784,False,False
15,2020-04-09,19,PE,Olinda,2609600,city,32,8.15324,11,5,0,0.1562,392482,False,False
15,2020-04-09,11,PE,Palmares,2610004,city,3,4.74308,1,1,0,0.3333,63250,False,False
15,2020-04-09,2,PE,Passira,2610509,city,1,3.45626,0,0,0,0.0,28933,False,False
15,2020-04-09,4,PE,Paudalho,2610608,city,4,7.07889,0,1,0,0.25,56506,False,False
15,2020-04-09,7,PE,Paulista,2610707,city,23,6.93243,14,0,0,0.0,331774,False,False
15,2020-04-09,18,PE,Petrolina,2611101,city,4,1.14566,1,0,0,0.0,349145,False,False
15,2020-04-09,1,PE,Pombos,2611309,city,1,3.69126,1,0,0,0.0,27091,False,False
15,2020-04-09,29,PE,Recife,2611606,city,340,20.65956,86,27,6,0.0794,1645727,False,False
15,2020-04-09,3,PE,Salgueiro,2612208,city,3,4.92368,0,0,0,0.0,60930,False,False
15,2020-04-09,13,PE,São Lourenço da Mata,2613701,city,20,17.66316,5,6,1,0.3,113230,False,False
15,2020-04-09,3,PE,Timbaúba,2615300,city,1,1.88601,0,0,0,0.0,53022,False,False
15,2020-04-09,3,PE,Vitória de Santo Antão,2616407,city,3,2.16205,0,0,0,0.0,138757,False,False
15,2020-04-08,8,PE,Aliança,2600708,city,1,2.60512,0,0,0,0.0,38386,False,False
15,2020-04-08,1,PE,Arcoverde,2601201,city,1,1.34521,1,0,0,0.0,74338,False,False
15,2020-04-08,23,PE,Belo Jardim,2601706,city,1,1.30823,0,0,0,0.0,76439,False,False
15,2020-04-08,2,PE,Bom Jardim,2602209,city,1,2.55206,0,1,1,1.0,39184,False,False
15,2020-04-08,6,PE,Cabo de Santo Agostinho,2602902,city,8,3.86384,2,2,1,0.25,207048,False,False
15,2020-04-08,3,PE,Cachoeirinha,2603108,city,1,4.90677,0,0,0,0.0,20380,False,False
15,2020-04-08,13,PE,Camaragibe,2603454,city,13,8.23681,3,2,1,0.1538,157828,False,False
15,2020-04-08,17,PE,Caruaru,2604106,city,3,0.83075,0,0,0,0.0,361118,False,False
15,2020-04-08,2,PE,Catende,2604205,city,1,2.33144,0,1,0,1.0,42892,False,False
15,2020-04-08,13,PE,Fernando de Noronha,2605459,city,14,457.36687,0,0,0,0.0,3061,False,False
15,2020-04-08,13,PE,Goiana,2606200,city,2,2.50759,0,2,1,1.0,79758,False,False
15,2020-04-08,2,PE,Igarassu,2606804,city,1,0.85456,0,0,0,0.0,117019,False,False
15,2020-04-08,26,PE,Importados/Indefinidos,,city,7,,0,1,0,0.1429,,False,False
15,2020-04-08,9,PE,Ipubi,2607307,city,1,3.24107,0,0,0,0.0,30854,False,False
15,2020-04-08,23,PE,Jaboatão dos Guararapes,2607901,city,26,3.70213,2,2,1,0.0769,702298,False,False
15,2020-04-08,3,PE,Lagoa do Carro,2608453,city,1,5.53373,0,1,0,1.0,18071,False,False
15,2020-04-08,2,PE,Macaparana,2609006,city,1,3.94073,0,1,0,1.0,25376,False,False
15,2020-04-08,2,PE,Moreno,2609402,city,2,3.18552,0,0,0,0.0,62784,False,False
15,2020-04-08,18,PE,Olinda,2609600,city,21,5.35056,3,5,2,0.2381,392482,False,False
15,2020-04-08,10,PE,Palmares,2610004,city,2,3.16206,0,1,0,0.5,63250,False,False
15,2020-04-08,1,PE,Passira,2610509,city,1,3.45626,1,0,0,0.0,28933,False,False
15,2020-04-08,3,PE,Paudalho,2610608,city,4,7.07889,0,1,0,0.25,56506,False,False
15,2020-04-08,6,PE,Paulista,2610707,city,9,2.71269,1,0,0,0.0,331774,False,False
15,2020-04-08,17,PE,Petrolina,2611101,city,3,0.85924,0,0,0,0.0,349145,False,False
15,2020-04-08,28,PE,Recife,2611606,city,254,15.43391,33,21,3,0.0827,1645727,False,False
15,2020-04-08,2,PE,Salgueiro,2612208,city,3,4.92368,2,0,0,0.0,60930,False,False
15,2020-04-08,12,PE,São Lourenço da Mata,2613701,city,15,13.24737,1,5,2,0.3333,113230,False,False
15,2020-04-08,2,PE,Timbaúba,2615300,city,1,1.88601,0,0,0,0.0,53022,False,False
15,2020-04-08,2,PE,Vitória de Santo Antão,2616407,city,3,2.16205,0,0,0,0.0,138757,False,False
15,2020-04-07,7,PE,Aliança,2600708,city,1,2.60512,0,0,0,0.0,38386,False,False
15,2020-04-07,22,PE,Belo Jardim,2601706,city,1,1.30823,0,0,0,0.0,76439,False,False
15,2020-04-07,1,PE,Bom Jardim,2602209,city,1,2.55206,1,0,0,0.0,39184,False,False
15,2020-04-07,5,PE,Cabo de Santo Agostinho,2602902,city,6,2.89788,1,1,0,0.1667,207048,False,False
15,2020-04-07,2,PE,Cachoeirinha,2603108,city,1,4.90677,0,0,0,0.0,20380,False,False
15,2020-04-07,12,PE,Camaragibe,2603454,city,10,6.33601,3,1,0,0.1,157828,False,False
15,2020-04-07,16,PE,Caruaru,2604106,city,3,0.83075,0,0,0,0.0,361118,False,False
15,2020-04-07,1,PE,Catende,2604205,city,1,2.33144,1,1,1,1.0,42892,False,False
15,2020-04-07,12,PE,Fernando de Noronha,2605459,city,14,457.36687,7,0,0,0.0,3061,False,False
15,2020-04-07,12,PE,Goiana,2606200,city,2,2.50759,1,1,0,0.5,79758,False,False
15,2020-04-07,1,PE,Igarassu,2606804,city,1,0.85456,1,0,0,0.0,117019,False,False
15,2020-04-07,25,PE,Importados/Indefinidos,,city,7,,1,1,0,0.1429,,False,False
15,2020-04-07,8,PE,Ipubi,2607307,city,1,3.24107,0,0,0,0.0,30854,False,False
15,2020-04-07,22,PE,Jaboatão dos Guararapes,2607901,city,24,3.41735,9,1,0,0.0417,702298,False,False
15,2020-04-07,2,PE,Lagoa do Carro,2608453,city,1,5.53373,0,1,0,1.0,18071,False,False
15,2020-04-07,1,PE,Macaparana,2609006,city,1,3.94073,1,1,1,1.0,25376,False,False
15,2020-04-07,1,PE,Moreno,2609402,city,2,3.18552,2,0,0,0.0,62784,False,False
15,2020-04-07,17,PE,Olinda,2609600,city,18,4.5862,7,3,0,0.1667,392482,False,False
15,2020-04-07,9,PE,Palmares,2610004,city,2,3.16206,1,1,0,0.5,63250,False,False
15,2020-04-07,2,PE,Paudalho,2610608,city,4,7.07889,2,1,0,0.25,56506,False,False
15,2020-04-07,5,PE,Paulista,2610707,city,8,2.41128,3,0,0,0.0,331774,False,False
15,2020-04-07,16,PE,Petrolina,2611101,city,3,0.85924,1,0,0,0.0,349145,False,False
15,2020-04-07,27,PE,Recife,2611606,city,221,13.42872,75,18,2,0.0814,1645727,False,False
15,2020-04-07,1,PE,Salgueiro,2612208,city,1,1.64123,1,0,0,0.0,60930,False,False
15,2020-04-07,11,PE,São Lourenço da Mata,2613701,city,14,12.36421,7,3,0,0.2143,113230,False,False
15,2020-04-07,1,PE,Timbaúba,2615300,city,1,1.88601,1,0,0,0.0,53022,False,False
15,2020-04-07,1,PE,Vitória de Santo Antão,2616407,city,3,2.16205,3,0,0,0.0,138757,False,False
15,2020-04-06,6,PE,Aliança,2600708,city,1,2.60512,0,0,0,0.0,38386,False,False
15,2020-04-06,21,PE,Belo Jardim,2601706,city,1,1.30823,0,0,0,0.0,76439,False,False
15,2020-04-06,4,PE,Cabo de Santo Agostinho,2602902,city,5,2.4149,0,1,0,0.2,207048,False,False
15,2020-04-06,1,PE,Cachoeirinha,2603108,city,1,4.90677,1,0,0,0.0,20380,False,False
15,2020-04-06,11,PE,Camaragibe,2603454,city,7,4.43521,1,1,1,0.1429,157828,False,False
15,2020-04-06,15,PE,Caruaru,2604106,city,3,0.83075,1,0,0,0.0,361118,False,False
15,2020-04-06,11,PE,Fernando de Noronha,2605459,city,7,228.68344,0,0,0,0.0,3061,False,False
15,2020-04-06,11,PE,Goiana,2606200,city,1,1.25379,0,1,0,1.0,79758,False,False
15,2020-04-06,24,PE,Importados/Indefinidos,,city,6,,0,1,0,0.1667,,False,False
15,2020-04-06,7,PE,Ipubi,2607307,city,1,3.24107,0,0,0,0.0,30854,False,False
15,2020-04-06,21,PE,Jaboatão dos Guararapes,2607901,city,15,2.13585,3,1,1,0.0667,702298,False,False
15,2020-04-06,1,PE,Lagoa do Carro,2608453,city,1,5.53373,1,1,1,1.0,18071,False,False
15,2020-04-06,16,PE,Olinda,2609600,city,11,2.80268,2,3,0,0.2727,392482,False,False
15,2020-04-06,8,PE,Palmares,2610004,city,1,1.58103,0,1,0,1.0,63250,False,False
15,2020-04-06,1,PE,Paudalho,2610608,city,2,3.53945,2,1,1,0.5,56506,False,False
15,2020-04-06,4,PE,Paulista,2610707,city,5,1.50705,0,0,0,0.0,331774,False,False
15,2020-04-06,15,PE,Petrolina,2611101,city,2,0.57283,0,0,0,0.0,349145,False,False
15,2020-04-06,26,PE,Recife,2611606,city,146,8.87146,7,16,2,0.1096,1645727,False,False
15,2020-04-06,10,PE,São Lourenço da Mata,2613701,city,7,6.18211,4,3,3,0.4286,113230,False,False
15,2020-04-05,5,PE,Aliança,2600708,city,1,2.60512,0,0,0,0.0,38386,False,False
15,2020-04-05,20,PE,Belo Jardim,2601706,city,1,1.30823,0,0,0,0.0,76439,False,False
15,2020-04-05,3,PE,Cabo de Santo Agostinho,2602902,city,5,2.4149,1,1,0,0.2,207048,False,False
15,2020-04-05,10,PE,Camaragibe,2603454,city,6,3.80161,0,0,0,0.0,157828,False,False
15,2020-04-05,14,PE,Caruaru,2604106,city,2,0.55384,0,0,0,0.0,361118,False,False
15,2020-04-05,10,PE,Fernando de Noronha,2605459,city,7,228.68344,0,0,0,0.0,3061,False,False
15,2020-04-05,10,PE,Goiana,2606200,city,1,1.25379,0,1,0,1.0,79758,False,False
15,2020-04-05,23,PE,Importados/Indefinidos,,city,6,,0,1,0,0.1667,,False,False
15,2020-04-05,6,PE,Ipubi,2607307,city,1,3.24107,0,0,0,0.0,30854,False,False
15,2020-04-05,20,PE,Jaboatão dos Guararapes,2607901,city,12,1.70868,1,0,0,0.0,702298,False,False
15,2020-04-05,15,PE,Olinda,2609600,city,9,2.2931,1,3,2,0.3333,392482,False,False
15,2020-04-05,7,PE,Palmares,2610004,city,1,1.58103,0,1,1,1.0,63250,False,False
15,2020-04-05,3,PE,Paulista,2610707,city,5,1.50705,2,0,0,0.0,331774,False,False
15,2020-04-05,14,PE,Petrolina,2611101,city,2,0.57283,0,0,0,0.0,349145,False,False
15,2020-04-05,25,PE,Recife,2611606,city,139,8.44612,20,14,4,0.1007,1645727,False,False
15,2020-04-05,9,PE,São Lourenço da Mata,2613701,city,3,2.64947,0,0,0,0.0,113230,False,False
14,2020-04-04,4,PE,Aliança,2600708,city,1,2.60512,0,0,0,0.0,38386,False,False
14,2020-04-04,19,PE,Belo Jardim,2601706,city,1,1.30823,0,0,0,0.0,76439,False,False
14,2020-04-04,2,PE,Cabo de Santo Agostinho,2602902,city,4,1.93192,2,1,0,0.25,207048,False,False
14,2020-04-04,9,PE,Camaragibe,2603454,city,6,3.80161,2,0,0,0.0,157828,False,False
14,2020-04-04,13,PE,Caruaru,2604106,city,2,0.55384,1,0,0,0.0,361118,False,False
14,2020-04-04,9,PE,Fernando de Noronha,2605459,city,7,228.68344,2,0,0,0.0,3061,False,False
14,2020-04-04,9,PE,Goiana,2606200,city,1,1.25379,0,1,0,1.0,79758,False,False
14,2020-04-04,22,PE,Importados/Indefinidos,,city,6,,1,1,0,0.1667,,False,False
14,2020-04-04,5,PE,Ipubi,2607307,city,1,3.24107,0,0,0,0.0,30854,False,False
14,2020-04-04,19,PE,Jaboatão dos Guararapes,2607901,city,11,1.56629,3,0,0,0.0,702298,False,False
14,2020-04-04,14,PE,Olinda,2609600,city,8,2.03831,2,1,0,0.125,392482,False,False
14,2020-04-04,6,PE,Palmares,2610004,city,1,1.58103,0,0,0,0.0,63250,False,False
14,2020-04-04,2,PE,Paulista,2610707,city,3,0.90423,0,0,0,0.0,331774,False,False
14,2020-04-04,13,PE,Petrolina,2611101,city,2,0.57283,0,0,0,0.0,349145,False,False
14,2020-04-04,24,PE,Recife,2611606,city,119,7.23085,27,10,4,0.084,1645727,False,False
14,2020-04-04,8,PE,São Lourenço da Mata,2613701,city,3,2.64947,0,0,0,0.0,113230,False,False
14,2020-04-03,3,PE,Aliança,2600708,city,1,2.60512,0,0,0,0.0,38386,False,False
14,2020-04-03,18,PE,Belo Jardim,2601706,city,1,1.30823,0,0,0,0.0,76439,False,False
14,2020-04-03,1,PE,Cabo de Santo Agostinho,2602902,city,2,0.96596,2,1,1,0.5,207048,False,False
14,2020-04-03,8,PE,Camaragibe,2603454,city,4,2.5344,2,0,0,0.0,157828,False,False
14,2020-04-03,12,PE,Caruaru,2604106,city,1,0.27692,0,0,0,0.0,361118,False,False
14,2020-04-03,8,PE,Fernando de Noronha,2605459,city,5,163.34531,3,0,0,0.0,3061,False,False
14,2020-04-03,8,PE,Goiana,2606200,city,1,1.25379,0,1,0,1.0,79758,False,False
14,2020-04-03,21,PE,Importados/Indefinidos,,city,5,,0,1,0,0.2,,False,False
14,2020-04-03,4,PE,Ipubi,2607307,city,1,3.24107,0,0,0,0.0,30854,False,False
14,2020-04-03,18,PE,Jaboatão dos Guararapes,2607901,city,8,1.13912,1,0,0,0.0,702298,False,False
14,2020-04-03,13,PE,Olinda,2609600,city,6,1.52873,1,1,0,0.1667,392482,False,False
14,2020-04-03,5,PE,Palmares,2610004,city,1,1.58103,0,0,0,0.0,63250,False,False
14,2020-04-03,1,PE,Paulista,2610707,city,3,0.90423,3,0,0,0.0,331774,False,False
14,2020-04-03,12,PE,Petrolina,2611101,city,2,0.57283,0,0,0,0.0,349145,False,False
14,2020-04-03,23,PE,Recife,2611606,city,92,5.59023,18,6,0,0.0652,1645727,False,False
14,2020-04-03,7,PE,São Lourenço da Mata,2613701,city,3,2.64947,0,0,0,0.0,113230,False,False
14,2020-04-02,2,PE,Aliança,2600708,city,1,2.60512,0,0,0,0.0,38386,False,False
14,2020-04-02,17,PE,Belo Jardim,2601706,city,1,1.30823,0,0,0,0.0,76439,False,False
14,2020-04-02,7,PE,Camaragibe,2603454,city,2,1.2672,0,0,0,0.0,157828,False,False
14,2020-04-02,11,PE,Caruaru,2604106,city,1,0.27692,0,0,0,0.0,361118,False,False
14,2020-04-02,7,PE,Fernando de Noronha,2605459,city,2,65.33812,0,0,0,0.0,3061,False,False
14,2020-04-02,7,PE,Goiana,2606200,city,1,1.25379,0,1,0,1.0,79758,False,False
14,2020-04-02,20,PE,Importados/Indefinidos,,city,5,,0,1,0,0.2,,False,False
14,2020-04-02,3,PE,Ipubi,2607307,city,1,3.24107,0,0,0,0.0,30854,False,False
14,2020-04-02,17,PE,Jaboatão dos Guararapes,2607901,city,7,0.99673,1,0,0,0.0,702298,False,False
14,2020-04-02,12,PE,Olinda,2609600,city,5,1.27394,0,1,0,0.2,392482,False,False
14,2020-04-02,4,PE,Palmares,2610004,city,1,1.58103,0,0,0,0.0,63250,False,False
14,2020-04-02,11,PE,Petrolina,2611101,city,2,0.57283,0,0,0,0.0,349145,False,False
14,2020-04-02,22,PE,Recife,2611606,city,74,4.49649,10,6,1,0.0811,1645727,False,False
14,2020-04-02,6,PE,São Lourenço da Mata,2613701,city,3,2.64947,0,0,0,0.0,113230,False,False
14,2020-04-01,1,PE,Aliança,2600708,city,1,2.60512,1,0,0,0.0,38386,False,False
14,2020-04-01,16,PE,Belo Jardim,2601706,city,1,1.30823,0,0,0,0.0,76439,False,False
14,2020-04-01,6,PE,Camaragibe,2603454,city,2,1.2672,1,0,0,0.0,157828,False,False
14,2020-04-01,10,PE,Caruaru,2604106,city,1,0.27692,0,0,0,0.0,361118,False,False
14,2020-04-01,6,PE,Fernando de Noronha,2605459,city,2,65.33812,0,0,0,0.0,3061,False,False
14,2020-04-01,6,PE,Goiana,2606200,city,1,1.25379,0,1,0,1.0,79758,False,False
14,2020-04-01,19,PE,Importados/Indefinidos,,city,5,,0,1,0,0.2,,False,False
14,2020-04-01,2,PE,Ipubi,2607307,city,1,3.24107,0,0,0,0.0,30854,False,False
14,2020-04-01,16,PE,Jaboatão dos Guararapes,2607901,city,6,0.85434,0,0,0,0.0,702298,False,False
14,2020-04-01,11,PE,Olinda,2609600,city,5,1.27394,0,1,1,0.2,392482,False,False
14,2020-04-01,3,PE,Palmares,2610004,city,1,1.58103,0,0,0,0.0,63250,False,False
14,2020-04-01,10,PE,Petrolina,2611101,city,2,0.57283,0,0,0,0.0,349145,False,False
14,2020-04-01,21,PE,Recife,2611606,city,64,3.88886,6,5,1,0.0781,1645727,False,False
14,2020-04-01,5,PE,São Lourenço da Mata,2613701,city,3,2.64947,0,0,0,0.0,113230,False,False
14,2020-03-31,15,PE,Belo Jardim,2601706,city,1,1.30823,0,0,0,0.0,76439,False,False
14,2020-03-31,5,PE,Camaragibe,2603454,city,1,0.6336,0,0,0,0.0,157828,False,False
14,2020-03-31,9,PE,Caruaru,2604106,city,1,0.27692,0,0,0,0.0,361118,False,False
14,2020-03-31,5,PE,Fernando de Noronha,2605459,city,2,65.33812,1,0,0,0.0,3061,False,False
14,2020-03-31,5,PE,Goiana,2606200,city,1,1.25379,0,1,0,1.0,79758,False,False
14,2020-03-31,18,PE,Importados/Indefinidos,,city,5,,0,1,0,0.2,,False,False
14,2020-03-31,1,PE,Ipubi,2607307,city,1,3.24107,1,0,0,0.0,30854,False,False
14,2020-03-31,15,PE,Jaboatão dos Guararapes,2607901,city,6,0.85434,0,0,0,0.0,702298,False,False
14,2020-03-31,10,PE,Olinda,2609600,city,5,1.27394,0,0,0,0.0,392482,False,False
14,2020-03-31,2,PE,Palmares,2610004,city,1,1.58103,0,0,0,0.0,63250,False,False
14,2020-03-31,9,PE,Petrolina,2611101,city,2,0.57283,0,0,0,0.0,349145,False,False
14,2020-03-31,20,PE,Recife,2611606,city,58,3.52428,6,4,0,0.069,1645727,False,False
14,2020-03-31,4,PE,São Lourenço da Mata,2613701,city,3,2.64947,2,0,0,0.0,113230,False,False
14,2020-03-30,14,PE,Belo Jardim,2601706,city,1,1.30823,0,0,0,0.0,76439,False,False
14,2020-03-30,4,PE,Camaragibe,2603454,city,1,0.6336,0,0,0,0.0,157828,False,False
14,2020-03-30,8,PE,Caruaru,2604106,city,1,0.27692,0,0,0,0.0,361118,False,False
14,2020-03-30,4,PE,Fernando de Noronha,2605459,city,1,32.66906,0,0,0,0.0,3061,False,False
14,2020-03-30,4,PE,Goiana,2606200,city,1,1.25379,0,1,1,1.0,79758,False,False
14,2020-03-30,17,PE,Importados/Indefinidos,,city,5,,0,1,0,0.2,,False,False
14,2020-03-30,14,PE,Jaboatão dos Guararapes,2607901,city,6,0.85434,0,0,0,0.0,702298,False,False
14,2020-03-30,9,PE,Olinda,2609600,city,5,1.27394,1,0,0,0.0,392482,False,False
14,2020-03-30,1,PE,Palmares,2610004,city,1,1.58103,1,0,0,0.0,63250,False,False
14,2020-03-30,8,PE,Petrolina,2611101,city,2,0.57283,0,0,0,0.0,349145,False,False
14,2020-03-30,19,PE,Recife,2611606,city,52,3.1597,2,4,0,0.0769,1645727,False,False
14,2020-03-30,3,PE,São Lourenço da Mata,2613701,city,1,0.88316,0,0,0,0.0,113230,False,False
14,2020-03-29,13,PE,Belo Jardim,2601706,city,1,1.30823,0,0,0,0.0,76439,False,False
14,2020-03-29,3,PE,Camaragibe,2603454,city,1,0.6336,0,0,0,0.0,157828,False,False
14,2020-03-29,7,PE,Caruaru,2604106,city,1,0.27692,0,0,0,0.0,361118,False,False
14,2020-03-29,3,PE,Fernando de Noronha,2605459,city,1,32.66906,0,0,0,0.0,3061,False,False
14,2020-03-29,3,PE,Goiana,2606200,city,1,1.25379,0,0,0,0.0,79758,False,False
14,2020-03-29,16,PE,Importados/Indefinidos,,city,5,,0,1,0,0.2,,False,False
14,2020-03-29,13,PE,Jaboatão dos Guararapes,2607901,city,6,0.85434,1,0,0,0.0,702298,False,False
14,2020-03-29,8,PE,Olinda,2609600,city,4,1.01916,0,0,0,0.0,392482,False,False
14,2020-03-29,7,PE,Petrolina,2611101,city,2,0.57283,0,0,0,0.0,349145,False,False
14,2020-03-29,18,PE,Recife,2611606,city,50,3.03817,4,4,0,0.08,1645727,False,False
14,2020-03-29,2,PE,São Lourenço da Mata,2613701,city,1,0.88316,0,0,0,0.0,113230,False,False
13,2020-03-28,12,PE,Belo Jardim,2601706,city,1,1.30823,0,0,0,0.0,76439,False,False
13,2020-03-28,2,PE,Camaragibe,2603454,city,1,0.6336,0,0,0,0.0,157828,False,False
13,2020-03-28,6,PE,Caruaru,2604106,city,1,0.27692,0,0,0,0.0,361118,False,False
13,2020-03-28,2,PE,Fernando de Noronha,2605459,city,1,32.66906,0,0,0,0.0,3061,False,False
13,2020-03-28,2,PE,Goiana,2606200,city,1,1.25379,0,0,0,0.0,79758,False,False
13,2020-03-28,15,PE,Importados/Indefinidos,,city,5,,0,1,0,0.2,,False,False
13,2020-03-28,12,PE,Jaboatão dos Guararapes,2607901,city,5,0.71195,1,0,0,0.0,702298,False,False
13,2020-03-28,7,PE,Olinda,2609600,city,4,1.01916,1,0,0,0.0,392482,False,False
13,2020-03-28,6,PE,Petrolina,2611101,city,2,0.57283,0,0,0,0.0,349145,False,False
13,2020-03-28,17,PE,Recife,2611606,city,46,2.79512,8,4,1,0.087,1645727,False,False
13,2020-03-28,1,PE,São Lourenço da Mata,2613701,city,1,0.88316,1,0,0,0.0,113230,False,False
13,2020-03-27,11,PE,Belo Jardim,2601706,city,1,1.30823,0,0,0,0.0,76439,False,False
13,2020-03-27,1,PE,Camaragibe,2603454,city,1,0.6336,1,0,0,0.0,157828,False,False
13,2020-03-27,5,PE,Caruaru,2604106,city,1,0.27692,0,0,0,0.0,361118,False,False
13,2020-03-27,1,PE,Fernando de Noronha,2605459,city,1,32.66906,1,0,0,0.0,3061,False,False
13,2020-03-27,1,PE,Goiana,2606200,city,1,1.25379,1,0,0,0.0,79758,False,False
13,2020-03-27,14,PE,Importados/Indefinidos,,city,5,,0,1,0,0.2,,False,False
13,2020-03-27,11,PE,Jaboatão dos Guararapes,2607901,city,4,0.56956,1,0,0,0.0,702298,False,False
13,2020-03-27,6,PE,Olinda,2609600,city,3,0.76437,0,0,0,0.0,392482,False,False
13,2020-03-27,5,PE,Petrolina,2611101,city,2,0.57283,0,0,0,0.0,349145,False,False
13,2020-03-27,16,PE,Recife,2611606,city,38,2.30901,5,3,1,0.0789,1645727,False,False
13,2020-03-26,10,PE,Belo Jardim,2601706,city,1,1.30823,0,0,0,0.0,76439,False,False
13,2020-03-26,4,PE,Caruaru,2604106,city,1,0.27692,0,0,0,0.0,361118,False,False
13,2020-03-26,13,PE,Importados/Indefinidos,,city,5,,0,1,1,0.2,,False,False
13,2020-03-26,10,PE,Jaboatão dos Guararapes,2607901,city,3,0.42717,0,0,0,0.0,702298,False,False
13,2020-03-26,5,PE,Olinda,2609600,city,3,0.76437,0,0,0,0.0,392482,False,False
13,2020-03-26,4,PE,Petrolina,2611101,city,2,0.57283,0,0,0,0.0,349145,False,False
13,2020-03-26,15,PE,Recife,2611606,city,33,2.00519,2,2,1,0.0606,1645727,False,False
13,2020-03-25,9,PE,Belo Jardim,2601706,city,1,1.30823,0,0,0,0.0,76439,False,False
13,2020-03-25,3,PE,Caruaru,2604106,city,1,0.27692,0,0,0,0.0,361118,False,False
13,2020-03-25,12,PE,Importados/Indefinidos,,city,5,,1,0,0,0.0,,False,False
13,2020-03-25,9,PE,Jaboatão dos Guararapes,2607901,city,3,0.42717,0,0,0,0.0,702298,False,False
13,2020-03-25,4,PE,Olinda,2609600,city,3,0.76437,1,0,0,0.0,392482,False,False
13,2020-03-25,3,PE,Petrolina,2611101,city,2,0.57283,1,0,0,0.0,349145,False,False
13,2020-03-25,14,PE,Recife,2611606,city,31,1.88367,1,1,1,0.0323,1645727,False,False
13,2020-03-24,8,PE,Belo Jardim,2601706,city,1,1.30823,0,0,0,0.0,76439,False,False
13,2020-03-24,2,PE,Caruaru,2604106,city,1,0.27692,0,0,0,0.0,361118,False,False
13,2020-03-24,11,PE,Importados/Indefinidos,,city,4,,0,0,0,0.0,,False,False
13,2020-03-24,8,PE,Jaboatão dos Guararapes,2607901,city,3,0.42717,0,0,0,0.0,702298,False,False
13,2020-03-24,3,PE,Olinda,2609600,city,2,0.50958,0,0,0,0.0,392482,False,False
13,2020-03-24,2,PE,Petrolina,2611101,city,1,0.28641,0,0,0,0.0,349145,False,False
13,2020-03-24,13,PE,Recife,2611606,city,30,1.8229,0,0,0,0.0,1645727,False,False
13,2020-03-23,7,PE,Belo Jardim,2601706,city,1,1.30823,0,0,0,0.0,76439,False,False
13,2020-03-23,1,PE,Caruaru,2604106,city,1,0.27692,1,0,0,0.0,361118,False,False
13,2020-03-23,10,PE,Importados/Indefinidos,,city,4,,0,0,0,0.0,,False,False
13,2020-03-23,7,PE,Jaboatão dos Guararapes,2607901,city,3,0.42717,0,0,0,0.0,702298,False,False
13,2020-03-23,2,PE,Olinda,2609600,city,2,0.50958,1,0,0,0.0,392482,False,False
13,2020-03-23,1,PE,Petrolina,2611101,city,1,0.28641,1,0,0,0.0,349145,False,False
13,2020-03-23,12,PE,Recife,2611606,city,30,1.8229,2,0,0,0.0,1645727,False,False
13,2020-03-22,6,PE,Belo Jardim,2601706,city,1,1.30823,0,0,0,0.0,76439,False,False
13,2020-03-22,9,PE,Importados/Indefinidos,,city,4,,0,0,0,0.0,,False,False
13,2020-03-22,6,PE,Jaboatão dos Guararapes,2607901,city,3,0.42717,0,0,0,0.0,702298,False,False
13,2020-03-22,1,PE,Olinda,2609600,city,1,0.25479,1,0,0,0.0,392482,False,False
13,2020-03-22,11,PE,Recife,2611606,city,28,1.70138,3,0,0,0.0,1645727,False,False
12,2020-03-21,5,PE,Belo Jardim,2601706,city,1,1.30823,0,0,0,0.0,76439,False,False
12,2020-03-21,8,PE,Importados/Indefinidos,,city,4,,1,0,0,0.0,,False,False
12,2020-03-21,5,PE,Jaboatão dos Guararapes,2607901,city,3,0.42717,2,0,0,0.0,702298,False,False
12,2020-03-21,10,PE,Recife,2611606,city,25,1.51909,11,0,0,0.0,1645727,False,False
12,2020-03-20,4,PE,Belo Jardim,2601706,city,1,1.30823,0,0,0,0.0,76439,False,True
12,2020-03-20,7,PE,Importados/Indefinidos,,city,3,,0,0,0,0.0,,False,True
12,2020-03-20,4,PE,Jaboatão dos Guararapes,2607901,city,1,0.14239,0,0,0,0.0,702298,False,True
12,2020-03-20,9,PE,Recife,2611606,city,14,0.85069,0,0,0,0.0,1645727,False,True
12,2020-03-19,3,PE,Belo Jardim,2601706,city,1,1.30823,0,0,0,0.0,76439,False,True
12,2020-03-19,6,PE,Importados/Indefinidos,,city,3,,0,0,0,0.0,,False,True
12,2020-03-19,3,PE,Jaboatão dos Guararapes,2607901,city,1,0.14239,0,0,0,0.0,702298,False,True
12,2020-03-19,8,PE,Recife,2611606,city,14,0.85069,0,0,0,0.0,1645727,False,True
12,2020-03-18,2,PE,Belo Jardim,2601706,city,1,1.30823,0,0,0,0.0,76439,False,False
12,2020-03-18,5,PE,Importados/Indefinidos,,city,3,,1,0,0,0.0,,False,False
12,2020-03-18,2,PE,Jaboatão dos Guararapes,2607901,city,1,0.14239,-1,0,0,0.0,702298,False,False
12,2020-03-18,7,PE,Recife,2611606,city,14,0.85069,1,0,0,0.0,1645727,False,False
12,2020-03-17,1,PE,Belo Jardim,2601706,city,1,1.30823,1,0,0,0.0,76439,False,False
12,2020-03-17,4,PE,Importados/Indefinidos,,city,2,,1,0,0,0.0,,False,False
12,2020-03-17,1,PE,Jaboatão dos Guararapes,2607901,city,2,0.28478,2,0,0,0.0,702298,False,False
12,2020-03-17,6,PE,Recife,2611606,city,13,0.78992,6,0,0,0.0,1645727,False,False
12,2020-03-16,3,PE,Importados/Indefinidos,,city,1,,0,0,0,0.0,,False,True
12,2020-03-16,5,PE,Recife,2611606,city,7,0.42534,0,0,0,0.0,1645727,False,True
12,2020-03-15,2,PE,Importados/Indefinidos,,city,1,,0,0,0,0.0,,False,False
12,2020-03-15,4,PE,Recife,2611606,city,7,0.42534,1,0,0,0.0,1645727,False,False
11,2020-03-14,1,PE,Importados/Indefinidos,,city,1,,1,0,0,0.0,,False,False
11,2020-03-14,3,PE,Recife,2611606,city,6,0.36458,4,0,0,0.0,1645727,False,False
11,2020-03-13,2,PE,Recife,2611606,city,2,0.12153,0,0,0,0.0,1645727,False,False
11,2020-03-12,1,PE,Recife,2611606,city,2,0.12153,2,0,0,0.0,1645727,False,False
